-1.00 0.00000
-0.99 0.00000
-0.98 0.00000
-0.97 0.00000
-0.96 0.00000
-0.95 0.00000
-0.94 0.00000
-0.93 0.00000
-0.92 0.00000
-0.91 0.00000
-0.90 0.00000
-0.89 0.00000
-0.88 0.00000
-0.87 0.00000
-0.86 0.00000
-0.85 0.00000
-0.84 0.00000
-0.83 0.00000
-0.82 0.00000
-0.81 0.00000
-0.80 0.00000
-0.79 0.00000
-0.78 0.00000
-0.77 0.00000
-0.76 0.00000
-0.75 0.00000
-0.74 0.00000
-0.73 0.00000
-0.72 0.00000
-0.71 0.00000
-0.70 0.00000
-0.69 0.00000
-0.68 0.00000
-0.67 0.00000
-0.66 0.00000
-0.65 0.00000
-0.64 0.00000
-0.63 0.00000
-0.62 0.00000
-0.61 0.00000
-0.60 0.00000
-0.59 0.00000
-0.58 0.00000
-0.57 0.00000
-0.56 0.00000
-0.55 0.00000
-0.54 0.00000
-0.53 0.00000
-0.52 0.00000
-0.51 0.00000
-0.50 0.00000
-0.49 0.00000
-0.48 0.00000
-0.47 0.00000
-0.46 0.00000
-0.45 0.00000
-0.44 0.00000
-0.43 0.00000
-0.42 0.00000
-0.41 0.00000
-0.40 0.00000
-0.39 0.00000
-0.38 0.00000
-0.37 0.00000
-0.36 0.00000
-0.35 0.00000
-0.34 0.00000
-0.33 0.00000
-0.32 0.00000
-0.31 0.00000
-0.30 0.00000
-0.29 0.00000
-0.28 0.00000
-0.27 0.00000
-0.26 0.00000
-0.25 0.00000
-0.24 0.00000
-0.23 0.00000
-0.22 0.00000
-0.21 0.00000
-0.20 0.00000
-0.19 0.00000
-0.18 0.00000
-0.17 0.00000
-0.16 0.00000
-0.15 0.00000
-0.14 0.00000
-0.13 0.00000
-0.12 0.00000
-0.11 0.00000
-0.10 0.00000
-0.09 0.00000
-0.08 0.00000
-0.07 0.00000
-0.06 0.00000
-0.05 0.00000
-0.04 0.00000
-0.03 0.00000
-0.02 0.00000
-0.01 0.00000
0.00 0.00000
0.01 5.09939
0.02 7.74761
0.03 9.36060
0.04 10.43979
0.05 11.20782
0.06 11.77861
0.07 12.21652
0.08 12.56066
0.09 12.83617
0.10 13.05993
0.11 13.24370
0.12 13.39594
0.13 13.52288
0.14 13.62919
0.15 13.71849
0.16 13.79358
0.17 13.85667
0.18 13.90955
0.19 13.95366
0.20 13.99020
0.21 14.02014
0.22 14.04429
0.23 14.06335
0.24 14.07791
0.25 14.08845
0.26 14.09540
0.27 14.09914
0.28 14.09998
0.29 14.09820
0.30 14.09405
0.31 14.08774
0.32 14.07945
0.33 14.06937
0.34 14.05763
0.35 14.04437
0.36 14.02972
0.37 14.01376
0.38 13.99662
0.39 13.97836
0.40 13.95907
0.41 13.93882
0.42 13.91768
0.43 13.89571
0.44 13.87295
0.45 13.84946
0.46 13.82529
0.47 13.80048
0.48 13.77506
0.49 13.74906
0.50 13.72254
0.51 13.69550
0.52 13.66799
0.53 13.64003
0.54 13.61163
0.55 13.58284
0.56 13.55365
0.57 13.52410
0.58 13.49421
0.59 13.46398
0.60 13.43344
0.61 13.40260
0.62 13.37147
0.63 13.34007
0.64 13.30842
0.65 13.27651
0.66 13.24437
0.67 13.21200
0.68 13.17941
0.69 13.14661
0.70 13.11361
0.71 13.08043
0.72 13.04706
0.73 13.01351
0.74 12.97979
0.75 12.94591
0.76 12.91188
0.77 12.87769
0.78 12.84336
0.79 12.80889
0.80 12.77428
0.81 12.73955
0.82 12.70469
0.83 12.66971
0.84 12.63461
0.85 12.59940
0.86 12.56408
0.87 12.52866
0.88 12.49313
0.89 12.45751
0.90 12.42179
0.91 12.38598
0.92 12.35008
0.93 12.31409
0.94 12.27803
0.95 12.24188
0.96 12.20565
0.97 12.16934
0.98 12.13297
0.99 12.09652
1.00 12.06000
1.01 12.02341
1.02 11.98676
1.03 11.95004
1.04 11.91327
1.05 11.87643
1.06 11.83953
1.07 11.80258
1.08 11.76557
1.09 11.72851
1.10 11.69140
1.11 11.65423
1.12 11.61702
1.13 11.57975
1.14 11.54244
1.15 11.50509
1.16 11.46768
1.17 11.43024
1.18 11.39275
1.19 11.35522
1.20 11.31766
1.21 11.28005
1.22 11.24240
1.23 11.20471
1.24 11.16699
1.25 11.12924
1.26 11.09144
1.27 11.05362
1.28 11.01576
1.29 10.97787
1.30 10.93994
1.31 10.90199
1.32 10.86400
1.33 10.82598
1.34 10.78794
1.35 10.74987
1.36 10.71176
1.37 10.67364
1.38 10.63548
1.39 10.59730
1.40 10.55909
1.41 10.52086
1.42 10.48260
1.43 10.44432
1.44 10.40602
1.45 10.36769
1.46 10.32934
1.47 10.29097
1.48 10.25258
1.49 10.21416
1.50 10.17573
1.51 10.13727
1.52 10.09880
1.53 10.06030
1.54 10.02179
1.55 9.98325
1.56 9.94470
1.57 9.90613
1.58 9.86754
1.59 9.82893
1.60 9.79031
1.61 9.75167
1.62 9.71301
1.63 9.67434
1.64 9.63565
1.65 9.59695
1.66 9.55823
1.67 9.51949
1.68 9.48074
1.69 9.44198
1.70 9.40320
1.71 9.36441
1.72 9.32560
1.73 9.28678
1.74 9.24795
1.75 9.20910
1.76 9.17024
1.77 9.13137
1.78 9.09248
1.79 9.05359
1.80 9.01468
1.81 8.97575
1.82 8.93682
1.83 8.89788
1.84 8.85892
1.85 8.81995
1.86 8.78098
1.87 8.74199
1.88 8.70299
1.89 8.66398
1.90 8.62496
1.91 8.58593
1.92 8.54689
1.93 8.50783
1.94 8.46878
1.95 8.42971
1.96 8.39063
1.97 8.35154
1.98 8.31244
1.99 8.27334
2.00 8.23422
2.01 8.19510
2.02 8.15596
2.03 8.11682
2.04 8.07767
2.05 8.03852
2.06 7.99935
2.07 7.96018
2.08 7.92100
2.09 7.88181
2.10 7.84261
2.11 7.80341
2.12 7.76419
2.13 7.72498
2.14 7.68575
2.15 7.64652
2.16 7.60728
2.17 7.56803
2.18 7.52877
2.19 7.48951
2.20 7.45025
2.21 7.41097
2.22 7.37169
2.23 7.33240
2.24 7.29311
2.25 7.25381
2.26 7.21451
2.27 7.17519
2.28 7.13588
2.29 7.09655
2.30 7.05722
2.31 7.01789
2.32 6.97855
2.33 6.93920
2.34 6.89985
2.35 6.86049
2.36 6.82113
2.37 6.78176
2.38 6.74239
2.39 6.70301
2.40 6.66363
2.41 6.62424
2.42 6.58484
2.43 6.54544
2.44 6.50604
2.45 6.46663
2.46 6.42722
2.47 6.38780
2.48 6.34838
2.49 6.30895
2.50 6.26952
2.51 6.23008
2.52 6.19064
2.53 6.15120
2.54 6.11175
2.55 6.07229
2.56 6.03284
2.57 5.99337
2.58 5.95391
2.59 5.91444
2.60 5.87496
2.61 5.83548
2.62 5.79600
2.63 5.75652
2.64 5.71703
2.65 5.67753
2.66 5.63803
2.67 5.59853
2.68 5.55903
2.69 5.51952
2.70 5.48001
2.71 5.44049
2.72 5.40097
2.73 5.36145
2.74 5.32192
2.75 5.28239
2.76 5.24286
2.77 5.20332
2.78 5.16378
2.79 5.12424
2.80 5.08469
2.81 5.04514
2.82 5.00559
2.83 4.96604
2.84 4.92648
2.85 4.88691
2.86 4.84735
2.87 4.80778
2.88 4.76821
2.89 4.72864
2.90 4.68906
2.91 4.64948
2.92 4.60990
2.93 4.57031
2.94 4.53072
2.95 4.49113
2.96 4.45154
2.97 4.41194
2.98 4.37234
2.99 4.33274
3.00 4.29314
3.01 4.25353
3.02 4.21392
3.03 4.17431
3.04 4.13469
3.05 4.09508
3.06 4.05546
3.07 4.01583
3.08 3.97621
3.09 3.93658
3.10 3.89695
3.11 3.85732
3.12 3.81769
3.13 3.77805
3.14 3.73841
3.15 3.69877
3.16 3.65913
3.17 3.61948
3.18 3.57983
3.19 3.54018
3.20 3.50053
3.21 3.46088
3.22 3.42122
3.23 3.38156
3.24 3.34190
3.25 3.30224
3.26 3.26257
3.27 3.22291
3.28 3.18324
3.29 3.14357
3.30 3.10389
3.31 3.06422
3.32 3.02454
3.33 2.98486
3.34 2.94518
3.35 2.90550
3.36 2.86582
3.37 2.82613
3.38 2.78644
3.39 2.74675
3.40 2.70706
3.41 2.66737
3.42 2.62767
3.43 2.58798
3.44 2.54828
3.45 2.50858
3.46 2.46887
3.47 2.42917
3.48 2.38947
3.49 2.34976
3.50 2.31005
3.51 2.27034
3.52 2.23063
3.53 2.19091
3.54 2.15120
3.55 2.11148
3.56 2.07176
3.57 2.03204
3.58 1.99232
3.59 1.95260
3.60 1.91287
3.61 1.87314
3.62 1.83342
3.63 1.79369
3.64 1.75396
3.65 1.71422
3.66 1.67449
3.67 1.63476
3.68 1.59502
3.69 1.55528
3.70 1.51554
3.71 1.47580
3.72 1.43606
3.73 1.39631
3.74 1.35657
3.75 1.31682
3.76 1.27708
3.77 1.23733
3.78 1.19758
3.79 1.15782
3.80 1.11807
3.81 1.07832
3.82 1.03856
3.83 0.99881
3.84 0.95905
3.85 0.91929
3.86 0.87953
3.87 0.83977
3.88 0.80000
3.89 0.76024
3.90 0.72047
3.91 0.68071
3.92 0.64094
3.93 0.60117
3.94 0.56140
3.95 0.52163
3.96 0.48186
3.97 0.44208
3.98 0.40231
3.99 0.36253
4.00 0.32276
4.01 0.28298
4.02 0.24320
4.03 0.20342
4.04 0.16364
4.05 0.12385
4.06 0.08407
4.07 0.04429
4.08 0.00450
4.09 0.00000
4.10 0.00000
4.11 0.00000
4.12 0.00000
4.13 0.00000
4.14 0.00000
4.15 0.00000
4.16 0.00000
4.17 0.00000
4.18 0.00000
4.19 0.00000
4.20 0.00000
4.21 0.00000
4.22 0.00000
4.23 0.00000
4.24 0.00000
4.25 0.00000
4.26 0.00000
4.27 0.00000
4.28 0.00000
4.29 0.00000
4.30 0.00000
4.31 0.00000
4.32 0.00000
4.33 0.00000
4.34 0.00000
4.35 0.00000
4.36 0.00000
4.37 0.00000
4.38 0.00000
4.39 0.00000
4.40 0.00000
4.41 0.00000
4.42 0.00000
4.43 0.00000
4.44 0.00000
4.45 0.00000
4.46 0.00000
4.47 0.00000
4.48 0.00000
4.49 0.00000
4.50 0.00000
4.51 0.00000
4.52 0.00000
4.53 0.00000
4.54 0.00000
4.55 0.00000
4.56 0.00000
4.57 0.00000
4.58 0.00000
4.59 0.00000
4.60 0.00000
4.61 0.00000
4.62 0.00000
4.63 0.00000
4.64 0.00000
4.65 0.00000
4.66 0.00000
4.67 0.00000
4.68 0.00000
4.69 0.00000
4.70 0.00000
4.71 0.00000
4.72 0.00000
4.73 0.00000
4.74 0.00000
4.75 0.00000
4.76 0.00000
4.77 0.00000
4.78 0.00000
4.79 0.00000
4.80 0.00000
4.81 0.00000
4.82 0.00000
4.83 0.00000
4.84 0.00000
4.85 0.00000
4.86 0.00000
4.87 0.00000
4.88 0.00000
4.89 0.00000
4.90 0.00000
4.91 0.00000
4.92 0.00000
4.93 0.00000
4.94 0.00000
4.95 0.00000
4.96 0.00000
4.97 0.00000
4.98 0.00000
4.99 0.00000
5.00 0.00000
5.01 0.00000
5.02 0.00000
5.03 0.00000
5.04 0.00000
5.05 0.00000
5.06 0.00000
5.07 0.00000
5.08 0.00000
