-1.00 0.00000
-0.99 0.00000
-0.98 0.00000
-0.97 0.00000
-0.96 0.00000
-0.95 0.00000
-0.94 0.00000
-0.93 0.00000
-0.92 0.00000
-0.91 0.00000
-0.90 0.00000
-0.89 0.00000
-0.88 0.00000
-0.87 0.00000
-0.86 0.00000
-0.85 0.00000
-0.84 0.00000
-0.83 0.00000
-0.82 0.00000
-0.81 0.00000
-0.80 0.00000
-0.79 0.00000
-0.78 0.00000
-0.77 0.00000
-0.76 0.00000
-0.75 0.00000
-0.74 0.00000
-0.73 0.00000
-0.72 0.00000
-0.71 0.00000
-0.70 0.00000
-0.69 0.00000
-0.68 0.00000
-0.67 0.00000
-0.66 0.00000
-0.65 0.00000
-0.64 0.00000
-0.63 0.00000
-0.62 0.00000
-0.61 0.00000
-0.60 0.00000
-0.59 0.00000
-0.58 0.00000
-0.57 0.00000
-0.56 0.00000
-0.55 0.00000
-0.54 0.00000
-0.53 0.00000
-0.52 0.00000
-0.51 0.00000
-0.50 0.00000
-0.49 0.00000
-0.48 0.00000
-0.47 0.00000
-0.46 0.00000
-0.45 0.00000
-0.44 0.00000
-0.43 0.00000
-0.42 0.00000
-0.41 0.00000
-0.40 0.00000
-0.39 0.00000
-0.38 0.00000
-0.37 0.00000
-0.36 0.00000
-0.35 0.00000
-0.34 0.00000
-0.33 0.00000
-0.32 0.00000
-0.31 0.00000
-0.30 0.00000
-0.29 0.00000
-0.28 0.00000
-0.27 0.00000
-0.26 0.00000
-0.25 0.00000
-0.24 0.00000
-0.23 0.00000
-0.22 0.00000
-0.21 0.00000
-0.20 0.00000
-0.19 0.00000
-0.18 0.00000
-0.17 0.00000
-0.16 0.00000
-0.15 0.00000
-0.14 0.00000
-0.13 0.00000
-0.12 0.00000
-0.11 0.00000
-0.10 0.00000
-0.09 0.00000
-0.08 0.00000
-0.07 0.00000
-0.06 0.00000
-0.05 0.00000
-0.04 0.00000
-0.03 0.00000
-0.02 0.00000
-0.01 0.00000
0.00 0.00000
0.01 1.52432
0.02 2.55384
0.03 3.29127
0.04 3.84189
0.05 4.26581
0.06 4.59985
0.07 4.86782
0.08 5.08581
0.09 5.26508
0.10 5.41372
0.11 5.53774
0.12 5.64167
0.13 5.72898
0.14 5.80239
0.15 5.86407
0.16 5.91574
0.17 5.95881
0.18 5.99444
0.19 6.02358
0.20 6.04704
0.21 6.06548
0.22 6.07949
0.23 6.08954
0.24 6.09606
0.25 6.09941
0.26 6.09989
0.27 6.09779
0.28 6.09335
0.29 6.08677
0.30 6.07825
0.31 6.06794
0.32 6.05600
0.33 6.04255
0.34 6.02772
0.35 6.01161
0.36 5.99431
0.37 5.97591
0.38 5.95650
0.39 5.93613
0.40 5.91488
0.41 5.89280
0.42 5.86994
0.43 5.84637
0.44 5.82211
0.45 5.79721
0.46 5.77172
0.47 5.74565
0.48 5.71906
0.49 5.69196
0.50 5.66439
0.51 5.63637
0.52 5.60792
0.53 5.57907
0.54 5.54984
0.55 5.52024
0.56 5.49030
0.57 5.46003
0.58 5.42945
0.59 5.39858
0.60 5.36741
0.61 5.33598
0.62 5.30429
0.63 5.27235
0.64 5.24018
0.65 5.20778
0.66 5.17516
0.67 5.14234
0.68 5.10932
0.69 5.07611
0.70 5.04271
0.71 5.00915
0.72 4.97541
0.73 4.94151
0.74 4.90745
0.75 4.87325
0.76 4.83890
0.77 4.80441
0.78 4.76978
0.79 4.73503
0.80 4.70016
0.81 4.66516
0.82 4.63005
0.83 4.59482
0.84 4.55949
0.85 4.52405
0.86 4.48852
0.87 4.45288
0.88 4.41715
0.89 4.38133
0.90 4.34542
0.91 4.30942
0.92 4.27334
0.93 4.23718
0.94 4.20094
0.95 4.16463
0.96 4.12824
0.97 4.09178
0.98 4.05526
0.99 4.01866
1.00 3.98200
1.01 3.94528
1.02 3.90849
1.03 3.87165
1.04 3.83474
1.05 3.79778
1.06 3.76077
1.07 3.72370
1.08 3.68658
1.09 3.64941
1.10 3.61219
1.11 3.57492
1.12 3.53760
1.13 3.50024
1.14 3.46283
1.15 3.42538
1.16 3.38789
1.17 3.35035
1.18 3.31278
1.19 3.27517
1.20 3.23751
1.21 3.19982
1.22 3.16210
1.23 3.12434
1.24 3.08654
1.25 3.04871
1.26 3.01084
1.27 2.97295
1.28 2.93502
1.29 2.89706
1.30 2.85907
1.31 2.82105
1.32 2.78300
1.33 2.74493
1.34 2.70682
1.35 2.66869
1.36 2.63053
1.37 2.59235
1.38 2.55414
1.39 2.51590
1.40 2.47764
1.41 2.43936
1.42 2.40105
1.43 2.36272
1.44 2.32437
1.45 2.28599
1.46 2.24760
1.47 2.20918
1.48 2.17074
1.49 2.13228
1.50 2.09380
1.51 2.05531
1.52 2.01679
1.53 1.97825
1.54 1.93970
1.55 1.90112
1.56 1.86253
1.57 1.82393
1.58 1.78530
1.59 1.74666
1.60 1.70800
1.61 1.66932
1.62 1.63063
1.63 1.59193
1.64 1.55321
1.65 1.51447
1.66 1.47572
1.67 1.43695
1.68 1.39817
1.69 1.35937
1.70 1.32057
1.71 1.28174
1.72 1.24291
1.73 1.20406
1.74 1.16520
1.75 1.12632
1.76 1.08744
1.77 1.04854
1.78 1.00963
1.79 0.97070
1.80 0.93177
1.81 0.89282
1.82 0.85387
1.83 0.81490
1.84 0.77592
1.85 0.73693
1.86 0.69793
1.87 0.65892
1.88 0.61989
1.89 0.58086
1.90 0.54182
1.91 0.50277
1.92 0.46371
1.93 0.42464
1.94 0.38556
1.95 0.34647
1.96 0.30737
1.97 0.26826
1.98 0.22915
1.99 0.19002
2.00 0.15089
2.01 0.11175
2.02 0.07260
2.03 0.03344
2.04 0.00000
2.05 0.00000
2.06 0.00000
2.07 0.00000
2.08 0.00000
2.09 0.00000
2.10 0.00000
2.11 0.00000
2.12 0.00000
2.13 0.00000
2.14 0.00000
2.15 0.00000
2.16 0.00000
2.17 0.00000
2.18 0.00000
2.19 0.00000
2.20 0.00000
2.21 0.00000
2.22 0.00000
2.23 0.00000
2.24 0.00000
2.25 0.00000
2.26 0.00000
2.27 0.00000
2.28 0.00000
2.29 0.00000
2.30 0.00000
2.31 0.00000
2.32 0.00000
2.33 0.00000
2.34 0.00000
2.35 0.00000
2.36 0.00000
2.37 0.00000
2.38 0.00000
2.39 0.00000
2.40 0.00000
2.41 0.00000
2.42 0.00000
2.43 0.00000
2.44 0.00000
2.45 0.00000
2.46 0.00000
2.47 0.00000
2.48 0.00000
2.49 0.00000
2.50 0.00000
2.51 0.00000
2.52 0.00000
2.53 0.00000
2.54 0.00000
2.55 0.00000
2.56 0.00000
2.57 0.00000
2.58 0.00000
2.59 0.00000
2.60 0.00000
2.61 0.00000
2.62 0.00000
2.63 0.00000
2.64 0.00000
2.65 0.00000
2.66 0.00000
2.67 0.00000
2.68 0.00000
2.69 0.00000
2.70 0.00000
2.71 0.00000
2.72 0.00000
2.73 0.00000
2.74 0.00000
2.75 0.00000
2.76 0.00000
2.77 0.00000
2.78 0.00000
2.79 0.00000
2.80 0.00000
2.81 0.00000
2.82 0.00000
2.83 0.00000
2.84 0.00000
2.85 0.00000
2.86 0.00000
2.87 0.00000
2.88 0.00000
2.89 0.00000
2.90 0.00000
2.91 0.00000
2.92 0.00000
2.93 0.00000
2.94 0.00000
2.95 0.00000
2.96 0.00000
2.97 0.00000
2.98 0.00000
2.99 0.00000
3.00 0.00000
3.01 0.00000
3.02 0.00000
3.03 0.00000
