-1.00 0.00000
-0.99 0.00000
-0.98 0.00000
-0.97 0.00000
-0.96 0.00000
-0.95 0.00000
-0.94 0.00000
-0.93 0.00000
-0.92 0.00000
-0.91 0.00000
-0.90 0.00000
-0.89 0.00000
-0.88 0.00000
-0.87 0.00000
-0.86 0.00000
-0.85 0.00000
-0.84 0.00000
-0.83 0.00000
-0.82 0.00000
-0.81 0.00000
-0.80 0.00000
-0.79 0.00000
-0.78 0.00000
-0.77 0.00000
-0.76 0.00000
-0.75 0.00000
-0.74 0.00000
-0.73 0.00000
-0.72 0.00000
-0.71 0.00000
-0.70 0.00000
-0.69 0.00000
-0.68 0.00000
-0.67 0.00000
-0.66 0.00000
-0.65 0.00000
-0.64 0.00000
-0.63 0.00000
-0.62 0.00000
-0.61 0.00000
-0.60 0.00000
-0.59 0.00000
-0.58 0.00000
-0.57 0.00000
-0.56 0.00000
-0.55 0.00000
-0.54 0.00000
-0.53 0.00000
-0.52 0.00000
-0.51 0.00000
-0.50 0.00000
-0.49 0.00000
-0.48 0.00000
-0.47 0.00000
-0.46 0.00000
-0.45 0.00000
-0.44 0.00000
-0.43 0.00000
-0.42 0.00000
-0.41 0.00000
-0.40 0.00000
-0.39 0.00000
-0.38 0.00000
-0.37 0.00000
-0.36 0.00000
-0.35 0.00000
-0.34 0.00000
-0.33 0.00000
-0.32 0.00000
-0.31 0.00000
-0.30 0.00000
-0.29 0.00000
-0.28 0.00000
-0.27 0.00000
-0.26 0.00000
-0.25 0.00000
-0.24 0.00000
-0.23 0.00000
-0.22 0.00000
-0.21 0.00000
-0.20 0.00000
-0.19 0.00000
-0.18 0.00000
-0.17 0.00000
-0.16 0.00000
-0.15 0.00000
-0.14 0.00000
-0.13 0.00000
-0.12 0.00000
-0.11 0.00000
-0.10 0.00000
-0.09 0.00000
-0.08 0.00000
-0.07 0.00000
-0.06 0.00000
-0.05 0.00000
-0.04 0.00000
-0.03 0.00000
-0.02 0.00000
-0.01 0.00000
0.00 0.00000
0.01 9.84360
0.02 13.99534
0.03 16.27280
0.04 17.70337
0.05 18.67957
0.06 19.38379
0.07 19.91235
0.08 20.32086
0.09 20.64372
0.10 20.90333
0.11 21.11490
0.12 21.28912
0.13 21.43374
0.14 21.55449
0.15 21.65573
0.16 21.74080
0.17 21.81233
0.18 21.87241
0.19 21.92270
0.20 21.96459
0.21 21.99919
0.22 22.02744
0.23 22.05011
0.24 22.06785
0.25 22.08124
0.26 22.09073
0.27 22.09675
0.28 22.09965
0.29 22.09974
0.30 22.09727
0.31 22.09249
0.32 22.08561
0.33 22.07681
0.34 22.06625
0.35 22.05407
0.36 22.04041
0.37 22.02538
0.38 22.00909
0.39 21.99162
0.40 21.97307
0.41 21.95351
0.42 21.93300
0.43 21.91162
0.44 21.88942
0.45 21.86646
0.46 21.84278
0.47 21.81842
0.48 21.79343
0.49 21.76785
0.50 21.74170
0.51 21.71503
0.52 21.68786
0.53 21.66022
0.54 21.63213
0.55 21.60363
0.56 21.57472
0.57 21.54543
0.58 21.51578
0.59 21.48579
0.60 21.45547
0.61 21.42485
0.62 21.39393
0.63 21.36272
0.64 21.33125
0.65 21.29952
0.66 21.26755
0.67 21.23534
0.68 21.20291
0.69 21.17026
0.70 21.13741
0.71 21.10436
0.72 21.07112
0.73 21.03770
0.74 21.00410
0.75 20.97034
0.76 20.93642
0.77 20.90234
0.78 20.86811
0.79 20.83374
0.80 20.79923
0.81 20.76459
0.82 20.72982
0.83 20.69492
0.84 20.65991
0.85 20.62478
0.86 20.58954
0.87 20.55419
0.88 20.51874
0.89 20.48318
0.90 20.44753
0.91 20.41179
0.92 20.37596
0.93 20.34003
0.94 20.30402
0.95 20.26793
0.96 20.23176
0.97 20.19551
0.98 20.15919
0.99 20.12279
1.00 20.08632
1.01 20.04978
1.02 20.01318
1.03 19.97651
1.04 19.93977
1.05 19.90298
1.06 19.86612
1.07 19.82921
1.08 19.79224
1.09 19.75522
1.10 19.71814
1.11 19.68102
1.12 19.64384
1.13 19.60661
1.14 19.56933
1.15 19.53201
1.16 19.49464
1.17 19.45722
1.18 19.41977
1.19 19.38227
1.20 19.34473
1.21 19.30715
1.22 19.26953
1.23 19.23187
1.24 19.19418
1.25 19.15645
1.26 19.11868
1.27 19.08088
1.28 19.04304
1.29 19.00517
1.30 18.96727
1.31 18.92934
1.32 18.89137
1.33 18.85338
1.34 18.81535
1.35 18.77730
1.36 18.73922
1.37 18.70111
1.38 18.66298
1.39 18.62481
1.40 18.58662
1.41 18.54841
1.42 18.51017
1.43 18.47191
1.44 18.43362
1.45 18.39531
1.46 18.35698
1.47 18.31862
1.48 18.28024
1.49 18.24184
1.50 18.20342
1.51 18.16498
1.52 18.12652
1.53 18.08804
1.54 18.04954
1.55 18.01102
1.56 17.97248
1.57 17.93392
1.58 17.89535
1.59 17.85675
1.60 17.81814
1.61 17.77951
1.62 17.74087
1.63 17.70221
1.64 17.66353
1.65 17.62484
1.66 17.58613
1.67 17.54741
1.68 17.50867
1.69 17.46991
1.70 17.43114
1.71 17.39236
1.72 17.35356
1.73 17.31475
1.74 17.27593
1.75 17.23709
1.76 17.19824
1.77 17.15938
1.78 17.12050
1.79 17.08161
1.80 17.04271
1.81 17.00380
1.82 16.96487
1.83 16.92594
1.84 16.88699
1.85 16.84803
1.86 16.80906
1.87 16.77008
1.88 16.73109
1.89 16.69209
1.90 16.65307
1.91 16.61405
1.92 16.57502
1.93 16.53597
1.94 16.49692
1.95 16.45786
1.96 16.41879
1.97 16.37970
1.98 16.34061
1.99 16.30151
2.00 16.26240
2.01 16.22329
2.02 16.18416
2.03 16.14503
2.04 16.10588
2.05 16.06673
2.06 16.02757
2.07 15.98840
2.08 15.94923
2.09 15.91005
2.10 15.87085
2.11 15.83166
2.12 15.79245
2.13 15.75324
2.14 15.71401
2.15 15.67479
2.16 15.63555
2.17 15.59631
2.18 15.55706
2.19 15.51780
2.20 15.47854
2.21 15.43927
2.22 15.39999
2.23 15.36071
2.24 15.32142
2.25 15.28213
2.26 15.24283
2.27 15.20352
2.28 15.16421
2.29 15.12489
2.30 15.08556
2.31 15.04623
2.32 15.00689
2.33 14.96755
2.34 14.92820
2.35 14.88885
2.36 14.84949
2.37 14.81013
2.38 14.77076
2.39 14.73138
2.40 14.69200
2.41 14.65262
2.42 14.61323
2.43 14.57383
2.44 14.53443
2.45 14.49503
2.46 14.45562
2.47 14.41620
2.48 14.37678
2.49 14.33736
2.50 14.29793
2.51 14.25850
2.52 14.21906
2.53 14.17962
2.54 14.14017
2.55 14.10072
2.56 14.06127
2.57 14.02181
2.58 13.98234
2.59 13.94288
2.60 13.90341
2.61 13.86393
2.62 13.82445
2.63 13.78497
2.64 13.74548
2.65 13.70599
2.66 13.66649
2.67 13.62700
2.68 13.58749
2.69 13.54799
2.70 13.50848
2.71 13.46896
2.72 13.42945
2.73 13.38993
2.74 13.35040
2.75 13.31088
2.76 13.27135
2.77 13.23181
2.78 13.19227
2.79 13.15273
2.80 13.11319
2.81 13.07364
2.82 13.03409
2.83 12.99454
2.84 12.95498
2.85 12.91542
2.86 12.87586
2.87 12.83629
2.88 12.79672
2.89 12.75715
2.90 12.71758
2.91 12.67800
2.92 12.63842
2.93 12.59883
2.94 12.55925
2.95 12.51966
2.96 12.48007
2.97 12.44047
2.98 12.40088
2.99 12.36128
3.00 12.32167
3.01 12.28207
3.02 12.24246
3.03 12.20285
3.04 12.16324
3.05 12.12362
3.06 12.08400
3.07 12.04438
3.08 12.00476
3.09 11.96513
3.10 11.92551
3.11 11.88588
3.12 11.84624
3.13 11.80661
3.14 11.76697
3.15 11.72733
3.16 11.68769
3.17 11.64805
3.18 11.60840
3.19 11.56875
3.20 11.52910
3.21 11.48945
3.22 11.44979
3.23 11.41014
3.24 11.37048
3.25 11.33082
3.26 11.29115
3.27 11.25149
3.28 11.21182
3.29 11.17215
3.30 11.13248
3.31 11.09281
3.32 11.05313
3.33 11.01345
3.34 10.97378
3.35 10.93409
3.36 10.89441
3.37 10.85473
3.38 10.81504
3.39 10.77535
3.40 10.73566
3.41 10.69597
3.42 10.65628
3.43 10.61658
3.44 10.57688
3.45 10.53718
3.46 10.49748
3.47 10.45778
3.48 10.41807
3.49 10.37837
3.50 10.33866
3.51 10.29895
3.52 10.25924
3.53 10.21953
3.54 10.17981
3.55 10.14010
3.56 10.10038
3.57 10.06066
3.58 10.02094
3.59 9.98122
3.60 9.94149
3.61 9.90177
3.62 9.86204
3.63 9.82231
3.64 9.78258
3.65 9.74285
3.66 9.70312
3.67 9.66339
3.68 9.62365
3.69 9.58391
3.70 9.54418
3.71 9.50444
3.72 9.46469
3.73 9.42495
3.74 9.38521
3.75 9.34546
3.76 9.30572
3.77 9.26597
3.78 9.22622
3.79 9.18647
3.80 9.14672
3.81 9.10696
3.82 9.06721
3.83 9.02745
3.84 8.98769
3.85 8.94794
3.86 8.90818
3.87 8.86842
3.88 8.82865
3.89 8.78889
3.90 8.74913
3.91 8.70936
3.92 8.66959
3.93 8.62983
3.94 8.59006
3.95 8.55029
3.96 8.51051
3.97 8.47074
3.98 8.43097
3.99 8.39119
4.00 8.35142
4.01 8.31164
4.02 8.27186
4.03 8.23208
4.04 8.19230
4.05 8.15252
4.06 8.11274
4.07 8.07295
4.08 8.03317
4.09 7.99338
4.10 7.95360
4.11 7.91381
4.12 7.87402
4.13 7.83423
4.14 7.79444
4.15 7.75465
4.16 7.71485
4.17 7.67506
4.18 7.63526
4.19 7.59547
4.20 7.55567
4.21 7.51587
4.22 7.47608
4.23 7.43628
4.24 7.39647
4.25 7.35667
4.26 7.31687
4.27 7.27707
4.28 7.23726
4.29 7.19746
4.30 7.15765
4.31 7.11784
4.32 7.07804
4.33 7.03823
4.34 6.99842
4.35 6.95861
4.36 6.91880
4.37 6.87898
4.38 6.83917
4.39 6.79936
4.40 6.75954
4.41 6.71973
4.42 6.67991
4.43 6.64009
4.44 6.60027
4.45 6.56045
4.46 6.52063
4.47 6.48081
4.48 6.44099
4.49 6.40117
4.50 6.36135
4.51 6.32152
4.52 6.28170
4.53 6.24187
4.54 6.20205
4.55 6.16222
4.56 6.12239
4.57 6.08256
4.58 6.04274
4.59 6.00291
4.60 5.96308
4.61 5.92324
4.62 5.88341
4.63 5.84358
4.64 5.80375
4.65 5.76391
4.66 5.72408
4.67 5.68424
4.68 5.64440
4.69 5.60457
4.70 5.56473
4.71 5.52489
4.72 5.48505
4.73 5.44521
4.74 5.40537
4.75 5.36553
4.76 5.32569
4.77 5.28585
4.78 5.24600
4.79 5.20616
4.80 5.16632
4.81 5.12647
4.82 5.08662
4.83 5.04678
4.84 5.00693
4.85 4.96708
4.86 4.92724
4.87 4.88739
4.88 4.84754
4.89 4.80769
4.90 4.76784
4.91 4.72799
4.92 4.68813
4.93 4.64828
4.94 4.60843
4.95 4.56857
4.96 4.52872
4.97 4.48887
4.98 4.44901
4.99 4.40915
5.00 4.36930
5.01 4.32944
5.02 4.28958
5.03 4.24972
5.04 4.20987
5.05 4.17001
5.06 4.13015
5.07 4.09029
5.08 4.05042
5.09 4.01056
5.10 3.97070
5.11 3.93084
5.12 3.89098
5.13 3.85111
5.14 3.81125
5.15 3.77138
5.16 3.73152
5.17 3.69165
5.18 3.65178
5.19 3.61192
5.20 3.57205
5.21 3.53218
5.22 3.49231
5.23 3.45245
5.24 3.41258
5.25 3.37271
5.26 3.33284
5.27 3.29297
5.28 3.25309
5.29 3.21322
5.30 3.17335
5.31 3.13348
5.32 3.09360
5.33 3.05373
5.34 3.01386
5.35 2.97398
5.36 2.93411
5.37 2.89423
5.38 2.85435
5.39 2.81448
5.40 2.77460
5.41 2.73472
5.42 2.69485
5.43 2.65497
5.44 2.61509
5.45 2.57521
5.46 2.53533
5.47 2.49545
5.48 2.45557
5.49 2.41569
5.50 2.37581
5.51 2.33592
5.52 2.29604
5.53 2.25616
5.54 2.21628
5.55 2.17639
5.56 2.13651
5.57 2.09662
5.58 2.05674
5.59 2.01685
5.60 1.97697
5.61 1.93708
5.62 1.89720
5.63 1.85731
5.64 1.81742
5.65 1.77753
5.66 1.73765
5.67 1.69776
5.68 1.65787
5.69 1.61798
5.70 1.57809
5.71 1.53820
5.72 1.49831
5.73 1.45842
5.74 1.41853
5.75 1.37864
5.76 1.33875
5.77 1.29885
5.78 1.25896
5.79 1.21907
5.80 1.17917
5.81 1.13928
5.82 1.09939
5.83 1.05949
5.84 1.01960
5.85 0.97970
5.86 0.93981
5.87 0.89991
5.88 0.86001
5.89 0.82012
5.90 0.78022
5.91 0.74032
5.92 0.70043
5.93 0.66053
5.94 0.62063
5.95 0.58073
5.96 0.54083
5.97 0.50093
5.98 0.46103
5.99 0.42113
6.00 0.38123
6.01 0.34133
6.02 0.30143
6.03 0.26153
6.04 0.22163
6.05 0.18173
6.06 0.14182
6.07 0.10192
6.08 0.06202
6.09 0.02212
6.10 0.00000
6.11 0.00000
6.12 0.00000
6.13 0.00000
6.14 0.00000
6.15 0.00000
6.16 0.00000
6.17 0.00000
6.18 0.00000
6.19 0.00000
6.20 0.00000
6.21 0.00000
6.22 0.00000
6.23 0.00000
6.24 0.00000
6.25 0.00000
6.26 0.00000
6.27 0.00000
6.28 0.00000
6.29 0.00000
6.30 0.00000
6.31 0.00000
6.32 0.00000
6.33 0.00000
6.34 0.00000
6.35 0.00000
6.36 0.00000
6.37 0.00000
6.38 0.00000
6.39 0.00000
6.40 0.00000
6.41 0.00000
6.42 0.00000
6.43 0.00000
6.44 0.00000
6.45 0.00000
6.46 0.00000
6.47 0.00000
6.48 0.00000
6.49 0.00000
6.50 0.00000
6.51 0.00000
6.52 0.00000
6.53 0.00000
6.54 0.00000
6.55 0.00000
6.56 0.00000
6.57 0.00000
6.58 0.00000
6.59 0.00000
6.60 0.00000
6.61 0.00000
6.62 0.00000
6.63 0.00000
6.64 0.00000
6.65 0.00000
6.66 0.00000
6.67 0.00000
6.68 0.00000
6.69 0.00000
6.70 0.00000
6.71 0.00000
6.72 0.00000
6.73 0.00000
6.74 0.00000
6.75 0.00000
6.76 0.00000
6.77 0.00000
6.78 0.00000
6.79 0.00000
6.80 0.00000
6.81 0.00000
6.82 0.00000
6.83 0.00000
6.84 0.00000
6.85 0.00000
6.86 0.00000
6.87 0.00000
6.88 0.00000
6.89 0.00000
6.90 0.00000
6.91 0.00000
6.92 0.00000
6.93 0.00000
6.94 0.00000
6.95 0.00000
6.96 0.00000
6.97 0.00000
6.98 0.00000
6.99 0.00000
7.00 0.00000
7.01 0.00000
7.02 0.00000
7.03 0.00000
7.04 0.00000
7.05 0.00000
7.06 0.00000
7.07 0.00000
7.08 0.00000
7.09 0.00000
