-1.00 0.00000
-0.99 0.00000
-0.98 0.00000
-0.97 0.00000
-0.96 0.00000
-0.95 0.00000
-0.94 0.00000
-0.93 0.00000
-0.92 0.00000
-0.91 0.00000
-0.90 0.00000
-0.89 0.00000
-0.88 0.00000
-0.87 0.00000
-0.86 0.00000
-0.85 0.00000
-0.84 0.00000
-0.83 0.00000
-0.82 0.00000
-0.81 0.00000
-0.80 0.00000
-0.79 0.00000
-0.78 0.00000
-0.77 0.00000
-0.76 0.00000
-0.75 0.00000
-0.74 0.00000
-0.73 0.00000
-0.72 0.00000
-0.71 0.00000
-0.70 0.00000
-0.69 0.00000
-0.68 0.00000
-0.67 0.00000
-0.66 0.00000
-0.65 0.00000
-0.64 0.00000
-0.63 0.00000
-0.62 0.00000
-0.61 0.00000
-0.60 0.00000
-0.59 0.00000
-0.58 0.00000
-0.57 0.00000
-0.56 0.00000
-0.55 0.00000
-0.54 0.00000
-0.53 0.00000
-0.52 0.00000
-0.51 0.00000
-0.50 0.00000
-0.49 0.00000
-0.48 0.00000
-0.47 0.00000
-0.46 0.00000
-0.45 0.00000
-0.44 0.00000
-0.43 0.00000
-0.42 0.00000
-0.41 0.00000
-0.40 0.00000
-0.39 0.00000
-0.38 0.00000
-0.37 0.00000
-0.36 0.00000
-0.35 0.00000
-0.34 0.00000
-0.33 0.00000
-0.32 0.00000
-0.31 0.00000
-0.30 0.00000
-0.29 0.00000
-0.28 0.00000
-0.27 0.00000
-0.26 0.00000
-0.25 0.00000
-0.24 0.00000
-0.23 0.00000
-0.22 0.00000
-0.21 0.00000
-0.20 0.00000
-0.19 0.00000
-0.18 0.00000
-0.17 0.00000
-0.16 0.00000
-0.15 0.00000
-0.14 0.00000
-0.13 0.00000
-0.12 0.00000
-0.11 0.00000
-0.10 0.00000
-0.09 0.00000
-0.08 0.00000
-0.07 0.00000
-0.06 0.00000
-0.05 0.00000
-0.04 0.00000
-0.03 0.00000
-0.02 0.00000
-0.01 0.00000
0.00 0.00000
0.01 0.62210
0.02 1.09526
0.03 1.46465
0.04 1.75886
0.05 1.99685
0.06 2.19171
0.07 2.35276
0.08 2.48680
0.09 2.59894
0.10 2.69307
0.11 2.77220
0.12 2.83871
0.13 2.89452
0.14 2.94116
0.15 2.97988
0.16 3.01172
0.17 3.03754
0.18 3.05808
0.19 3.07394
0.20 3.08565
0.21 3.09365
0.22 3.09833
0.23 3.10001
0.24 3.09900
0.25 3.09554
0.26 3.08987
0.27 3.08216
0.28 3.07260
0.29 3.06135
0.30 3.04854
0.31 3.03430
0.32 3.01873
0.33 3.00193
0.34 2.98400
0.35 2.96502
0.36 2.94505
0.37 2.92417
0.38 2.90245
0.39 2.87992
0.40 2.85665
0.41 2.83268
0.42 2.80806
0.43 2.78281
0.44 2.75699
0.45 2.73063
0.46 2.70374
0.47 2.67637
0.48 2.64854
0.49 2.62028
0.50 2.59160
0.51 2.56253
0.52 2.53309
0.53 2.50329
0.54 2.47317
0.55 2.44272
0.56 2.41197
0.57 2.38093
0.58 2.34961
0.59 2.31803
0.60 2.28620
0.61 2.25412
0.62 2.22182
0.63 2.18930
0.64 2.15656
0.65 2.12363
0.66 2.09050
0.67 2.05718
0.68 2.02369
0.69 1.99002
0.70 1.95619
0.71 1.92220
0.72 1.88806
0.73 1.85377
0.74 1.81934
0.75 1.78478
0.76 1.75008
0.77 1.71526
0.78 1.68031
0.79 1.64525
0.80 1.61007
0.81 1.57479
0.82 1.53939
0.83 1.50390
0.84 1.46830
0.85 1.43262
0.86 1.39683
0.87 1.36096
0.88 1.32500
0.89 1.28896
0.90 1.25283
0.91 1.21663
0.92 1.18035
0.93 1.14399
0.94 1.10756
0.95 1.07106
0.96 1.03450
0.97 0.99787
0.98 0.96117
0.99 0.92441
1.00 0.88759
1.01 0.85071
1.02 0.81378
1.03 0.77679
1.04 0.73974
1.05 0.70264
1.06 0.66549
1.07 0.62829
1.08 0.59104
1.09 0.55375
1.10 0.51640
1.11 0.47902
1.12 0.44158
1.13 0.40411
1.14 0.36659
1.15 0.32904
1.16 0.29144
1.17 0.25380
1.18 0.21613
1.19 0.17842
1.20 0.14067
1.21 0.10289
1.22 0.06508
1.23 0.02723
1.24 0.00000
1.25 0.00000
1.26 0.00000
1.27 0.00000
1.28 0.00000
1.29 0.00000
1.30 0.00000
1.31 0.00000
1.32 0.00000
1.33 0.00000
1.34 0.00000
1.35 0.00000
1.36 0.00000
1.37 0.00000
1.38 0.00000
1.39 0.00000
1.40 0.00000
1.41 0.00000
1.42 0.00000
1.43 0.00000
1.44 0.00000
1.45 0.00000
1.46 0.00000
1.47 0.00000
1.48 0.00000
1.49 0.00000
1.50 0.00000
1.51 0.00000
1.52 0.00000
1.53 0.00000
1.54 0.00000
1.55 0.00000
1.56 0.00000
1.57 0.00000
1.58 0.00000
1.59 0.00000
1.60 0.00000
1.61 0.00000
1.62 0.00000
1.63 0.00000
1.64 0.00000
1.65 0.00000
1.66 0.00000
1.67 0.00000
1.68 0.00000
1.69 0.00000
1.70 0.00000
1.71 0.00000
1.72 0.00000
1.73 0.00000
1.74 0.00000
1.75 0.00000
1.76 0.00000
1.77 0.00000
1.78 0.00000
1.79 0.00000
1.80 0.00000
1.81 0.00000
1.82 0.00000
1.83 0.00000
1.84 0.00000
1.85 0.00000
1.86 0.00000
1.87 0.00000
1.88 0.00000
1.89 0.00000
1.90 0.00000
1.91 0.00000
1.92 0.00000
1.93 0.00000
1.94 0.00000
1.95 0.00000
1.96 0.00000
1.97 0.00000
1.98 0.00000
1.99 0.00000
2.00 0.00000
2.01 0.00000
2.02 0.00000
2.03 0.00000
2.04 0.00000
2.05 0.00000
2.06 0.00000
2.07 0.00000
2.08 0.00000
2.09 0.00000
2.10 0.00000
2.11 0.00000
2.12 0.00000
2.13 0.00000
2.14 0.00000
2.15 0.00000
2.16 0.00000
2.17 0.00000
2.18 0.00000
2.19 0.00000
2.20 0.00000
2.21 0.00000
2.22 0.00000
2.23 0.00000
