-1.00 0.00000
-0.99 0.00000
-0.98 0.00000
-0.97 0.00000
-0.96 0.00000
-0.95 0.00000
-0.94 0.00000
-0.93 0.00000
-0.92 0.00000
-0.91 0.00000
-0.90 0.00000
-0.89 0.00000
-0.88 0.00000
-0.87 0.00000
-0.86 0.00000
-0.85 0.00000
-0.84 0.00000
-0.83 0.00000
-0.82 0.00000
-0.81 0.00000
-0.80 0.00000
-0.79 0.00000
-0.78 0.00000
-0.77 0.00000
-0.76 0.00000
-0.75 0.00000
-0.74 0.00000
-0.73 0.00000
-0.72 0.00000
-0.71 0.00000
-0.70 0.00000
-0.69 0.00000
-0.68 0.00000
-0.67 0.00000
-0.66 0.00000
-0.65 0.00000
-0.64 0.00000
-0.63 0.00000
-0.62 0.00000
-0.61 0.00000
-0.60 0.00000
-0.59 0.00000
-0.58 0.00000
-0.57 0.00000
-0.56 0.00000
-0.55 0.00000
-0.54 0.00000
-0.53 0.00000
-0.52 0.00000
-0.51 0.00000
-0.50 0.00000
-0.49 0.00000
-0.48 0.00000
-0.47 0.00000
-0.46 0.00000
-0.45 0.00000
-0.44 0.00000
-0.43 0.00000
-0.42 0.00000
-0.41 0.00000
-0.40 0.00000
-0.39 0.00000
-0.38 0.00000
-0.37 0.00000
-0.36 0.00000
-0.35 0.00000
-0.34 0.00000
-0.33 0.00000
-0.32 0.00000
-0.31 0.00000
-0.30 0.00000
-0.29 0.00000
-0.28 0.00000
-0.27 0.00000
-0.26 0.00000
-0.25 0.00000
-0.24 0.00000
-0.23 0.00000
-0.22 0.00000
-0.21 0.00000
-0.20 0.00000
-0.19 0.00000
-0.18 0.00000
-0.17 0.00000
-0.16 0.00000
-0.15 0.00000
-0.14 0.00000
-0.13 0.00000
-0.12 0.00000
-0.11 0.00000
-0.10 0.00000
-0.09 0.00000
-0.08 0.00000
-0.07 0.00000
-0.06 0.00000
-0.05 0.00000
-0.04 0.00000
-0.03 0.00000
-0.02 0.00000
-0.01 0.00000
0.00 0.00000
0.01 24.53375
0.02 31.57453
0.03 34.89794
0.04 36.82271
0.05 38.07109
0.06 38.94106
0.07 39.57800
0.08 40.06125
0.09 40.43782
0.10 40.73731
0.11 40.97931
0.12 41.17729
0.13 41.34079
0.14 41.47681
0.15 41.59057
0.16 41.68603
0.17 41.76628
0.18 41.83374
0.19 41.89036
0.20 41.93769
0.21 41.97701
0.22 42.00937
0.23 42.03566
0.24 42.05660
0.25 42.07282
0.26 42.08485
0.27 42.09313
0.28 42.09806
0.29 42.09998
0.30 42.09918
0.31 42.09591
0.32 42.09040
0.33 42.08286
0.34 42.07344
0.35 42.06232
0.36 42.04963
0.37 42.03550
0.38 42.02003
0.39 42.00333
0.40 41.98549
0.41 41.96659
0.42 41.94670
0.43 41.92590
0.44 41.90424
0.45 41.88177
0.46 41.85856
0.47 41.83465
0.48 41.81008
0.49 41.78488
0.50 41.75911
0.51 41.73278
0.52 41.70594
0.53 41.67861
0.54 41.65081
0.55 41.62258
0.56 41.59394
0.57 41.56490
0.58 41.53549
0.59 41.50572
0.60 41.47562
0.61 41.44520
0.62 41.41447
0.63 41.38345
0.64 41.35216
0.65 41.32060
0.66 41.28879
0.67 41.25673
0.68 41.22445
0.69 41.19194
0.70 41.15922
0.71 41.12630
0.72 41.09319
0.73 41.05989
0.74 41.02641
0.75 40.99276
0.76 40.95894
0.77 40.92496
0.78 40.89083
0.79 40.85655
0.80 40.82214
0.81 40.78758
0.82 40.75290
0.83 40.71808
0.84 40.68315
0.85 40.64809
0.86 40.61293
0.87 40.57765
0.88 40.54227
0.89 40.50678
0.90 40.47119
0.91 40.43551
0.92 40.39974
0.93 40.36387
0.94 40.32792
0.95 40.29188
0.96 40.25576
0.97 40.21956
0.98 40.18329
0.99 40.14694
1.00 40.11052
1.01 40.07403
1.02 40.03746
1.03 40.00084
1.04 39.96415
1.05 39.92739
1.06 39.89058
1.07 39.85370
1.08 39.81677
1.09 39.77979
1.10 39.74274
1.11 39.70565
1.12 39.66850
1.13 39.63131
1.14 39.59406
1.15 39.55677
1.16 39.51943
1.17 39.48205
1.18 39.44462
1.19 39.40715
1.20 39.36964
1.21 39.33208
1.22 39.29449
1.23 39.25686
1.24 39.21919
1.25 39.18148
1.26 39.14373
1.27 39.10596
1.28 39.06814
1.29 39.03030
1.30 38.99242
1.31 38.95450
1.32 38.91656
1.33 38.87859
1.34 38.84058
1.35 38.80255
1.36 38.76448
1.37 38.72639
1.38 38.68828
1.39 38.65013
1.40 38.61196
1.41 38.57376
1.42 38.53554
1.43 38.49729
1.44 38.45902
1.45 38.42073
1.46 38.38241
1.47 38.34407
1.48 38.30570
1.49 38.26732
1.50 38.22891
1.51 38.19048
1.52 38.15204
1.53 38.11357
1.54 38.07508
1.55 38.03657
1.56 37.99805
1.57 37.95950
1.58 37.92094
1.59 37.88236
1.60 37.84376
1.61 37.80514
1.62 37.76651
1.63 37.72786
1.64 37.68919
1.65 37.65051
1.66 37.61181
1.67 37.57309
1.68 37.53436
1.69 37.49562
1.70 37.45686
1.71 37.41809
1.72 37.37930
1.73 37.34050
1.74 37.30168
1.75 37.26286
1.76 37.22401
1.77 37.18516
1.78 37.14629
1.79 37.10741
1.80 37.06852
1.81 37.02961
1.82 36.99070
1.83 36.95177
1.84 36.91283
1.85 36.87388
1.86 36.83491
1.87 36.79594
1.88 36.75695
1.89 36.71796
1.90 36.67895
1.91 36.63994
1.92 36.60091
1.93 36.56187
1.94 36.52283
1.95 36.48377
1.96 36.44470
1.97 36.40563
1.98 36.36654
1.99 36.32745
2.00 36.28835
2.01 36.24924
2.02 36.21012
2.03 36.17099
2.04 36.13185
2.05 36.09270
2.06 36.05355
2.07 36.01439
2.08 35.97522
2.09 35.93604
2.10 35.89685
2.11 35.85766
2.12 35.81846
2.13 35.77925
2.14 35.74003
2.15 35.70081
2.16 35.66158
2.17 35.62234
2.18 35.58310
2.19 35.54384
2.20 35.50459
2.21 35.46532
2.22 35.42605
2.23 35.38677
2.24 35.34749
2.25 35.30820
2.26 35.26890
2.27 35.22959
2.28 35.19029
2.29 35.15097
2.30 35.11165
2.31 35.07232
2.32 35.03299
2.33 34.99365
2.34 34.95431
2.35 34.91496
2.36 34.87560
2.37 34.83624
2.38 34.79687
2.39 34.75750
2.40 34.71813
2.41 34.67874
2.42 34.63936
2.43 34.59997
2.44 34.56057
2.45 34.52117
2.46 34.48176
2.47 34.44235
2.48 34.40293
2.49 34.36351
2.50 34.32409
2.51 34.28466
2.52 34.24522
2.53 34.20578
2.54 34.16634
2.55 34.12689
2.56 34.08744
2.57 34.04798
2.58 34.00852
2.59 33.96906
2.60 33.92959
2.61 33.89012
2.62 33.85064
2.63 33.81116
2.64 33.77167
2.65 33.73219
2.66 33.69269
2.67 33.65320
2.68 33.61370
2.69 33.57419
2.70 33.53469
2.71 33.49518
2.72 33.45566
2.73 33.41614
2.74 33.37662
2.75 33.33710
2.76 33.29757
2.77 33.25804
2.78 33.21850
2.79 33.17896
2.80 33.13942
2.81 33.09987
2.82 33.06033
2.83 33.02078
2.84 32.98122
2.85 32.94166
2.86 32.90210
2.87 32.86254
2.88 32.82297
2.89 32.78340
2.90 32.74383
2.91 32.70425
2.92 32.66467
2.93 32.62509
2.94 32.58551
2.95 32.54592
2.96 32.50633
2.97 32.46674
2.98 32.42714
2.99 32.38754
3.00 32.34794
3.01 32.30834
3.02 32.26873
3.03 32.22913
3.04 32.18951
3.05 32.14990
3.06 32.11028
3.07 32.07067
3.08 32.03104
3.09 31.99142
3.10 31.95179
3.11 31.91217
3.12 31.87253
3.13 31.83290
3.14 31.79327
3.15 31.75363
3.16 31.71399
3.17 31.67435
3.18 31.63470
3.19 31.59505
3.20 31.55540
3.21 31.51575
3.22 31.47610
3.23 31.43644
3.24 31.39679
3.25 31.35713
3.26 31.31746
3.27 31.27780
3.28 31.23813
3.29 31.19847
3.30 31.15880
3.31 31.11912
3.32 31.07945
3.33 31.03977
3.34 31.00010
3.35 30.96042
3.36 30.92073
3.37 30.88105
3.38 30.84137
3.39 30.80168
3.40 30.76199
3.41 30.72230
3.42 30.68261
3.43 30.64291
3.44 30.60321
3.45 30.56352
3.46 30.52382
3.47 30.48412
3.48 30.44441
3.49 30.40471
3.50 30.36500
3.51 30.32529
3.52 30.28558
3.53 30.24587
3.54 30.20616
3.55 30.16644
3.56 30.12673
3.57 30.08701
3.58 30.04729
3.59 30.00757
3.60 29.96784
3.61 29.92812
3.62 29.88839
3.63 29.84867
3.64 29.80894
3.65 29.76921
3.66 29.72948
3.67 29.68974
3.68 29.65001
3.69 29.61027
3.70 29.57054
3.71 29.53080
3.72 29.49106
3.73 29.45131
3.74 29.41157
3.75 29.37183
3.76 29.33208
3.77 29.29233
3.78 29.25259
3.79 29.21284
3.80 29.17308
3.81 29.13333
3.82 29.09358
3.83 29.05382
3.84 29.01407
3.85 28.97431
3.86 28.93455
3.87 28.89479
3.88 28.85503
3.89 28.81527
3.90 28.77550
3.91 28.73574
3.92 28.69597
3.93 28.65621
3.94 28.61644
3.95 28.57667
3.96 28.53690
3.97 28.49712
3.98 28.45735
3.99 28.41758
4.00 28.37780
4.01 28.33803
4.02 28.29825
4.03 28.25847
4.04 28.21869
4.05 28.17891
4.06 28.13913
4.07 28.09934
4.08 28.05956
4.09 28.01977
4.10 27.97999
4.11 27.94020
4.12 27.90041
4.13 27.86062
4.14 27.82083
4.15 27.78104
4.16 27.74125
4.17 27.70146
4.18 27.66166
4.19 27.62187
4.20 27.58207
4.21 27.54227
4.22 27.50248
4.23 27.46268
4.24 27.42288
4.25 27.38307
4.26 27.34327
4.27 27.30347
4.28 27.26367
4.29 27.22386
4.30 27.18406
4.31 27.14425
4.32 27.10444
4.33 27.06463
4.34 27.02482
4.35 26.98501
4.36 26.94520
4.37 26.90539
4.38 26.86558
4.39 26.82577
4.40 26.78595
4.41 26.74614
4.42 26.70632
4.43 26.66650
4.44 26.62669
4.45 26.58687
4.46 26.54705
4.47 26.50723
4.48 26.46741
4.49 26.42759
4.50 26.38776
4.51 26.34794
4.52 26.30812
4.53 26.26829
4.54 26.22847
4.55 26.18864
4.56 26.14881
4.57 26.10898
4.58 26.06916
4.59 26.02933
4.60 25.98950
4.61 25.94967
4.62 25.90983
4.63 25.87000
4.64 25.83017
4.65 25.79033
4.66 25.75050
4.67 25.71067
4.68 25.67083
4.69 25.63099
4.70 25.59116
4.71 25.55132
4.72 25.51148
4.73 25.47164
4.74 25.43180
4.75 25.39196
4.76 25.35212
4.77 25.31228
4.78 25.27243
4.79 25.23259
4.80 25.19275
4.81 25.15290
4.82 25.11306
4.83 25.07321
4.84 25.03336
4.85 24.99352
4.86 24.95367
4.87 24.91382
4.88 24.87397
4.89 24.83412
4.90 24.79427
4.91 24.75442
4.92 24.71457
4.93 24.67472
4.94 24.63486
4.95 24.59501
4.96 24.55516
4.97 24.51530
4.98 24.47545
4.99 24.43559
5.00 24.39574
5.01 24.35588
5.02 24.31602
5.03 24.27616
5.04 24.23631
5.05 24.19645
5.06 24.15659
5.07 24.11673
5.08 24.07687
5.09 24.03700
5.10 23.99714
5.11 23.95728
5.12 23.91742
5.13 23.87755
5.14 23.83769
5.15 23.79783
5.16 23.75796
5.17 23.71810
5.18 23.67823
5.19 23.63836
5.20 23.59850
5.21 23.55863
5.22 23.51876
5.23 23.47889
5.24 23.43902
5.25 23.39915
5.26 23.35928
5.27 23.31941
5.28 23.27954
5.29 23.23967
5.30 23.19980
5.31 23.15993
5.32 23.12005
5.33 23.08018
5.34 23.04031
5.35 23.00043
5.36 22.96056
5.37 22.92068
5.38 22.88081
5.39 22.84093
5.40 22.80105
5.41 22.76118
5.42 22.72130
5.43 22.68142
5.44 22.64154
5.45 22.60166
5.46 22.56178
5.47 22.52190
5.48 22.48202
5.49 22.44214
5.50 22.40226
5.51 22.36238
5.52 22.32250
5.53 22.28261
5.54 22.24273
5.55 22.20285
5.56 22.16297
5.57 22.12308
5.58 22.08320
5.59 22.04331
5.60 22.00343
5.61 21.96354
5.62 21.92365
5.63 21.88377
5.64 21.84388
5.65 21.80399
5.66 21.76411
5.67 21.72422
5.68 21.68433
5.69 21.64444
5.70 21.60455
5.71 21.56466
5.72 21.52477
5.73 21.48488
5.74 21.44499
5.75 21.40510
5.76 21.36521
5.77 21.32531
5.78 21.28542
5.79 21.24553
5.80 21.20564
5.81 21.16574
5.82 21.12585
5.83 21.08596
5.84 21.04606
5.85 21.00617
5.86 20.96627
5.87 20.92637
5.88 20.88648
5.89 20.84658
5.90 20.80669
5.91 20.76679
5.92 20.72689
5.93 20.68699
5.94 20.64710
5.95 20.60720
5.96 20.56730
5.97 20.52740
5.98 20.48750
5.99 20.44760
6.00 20.40770
6.01 20.36780
6.02 20.32790
6.03 20.28800
6.04 20.24810
6.05 20.20819
6.06 20.16829
6.07 20.12839
6.08 20.08849
6.09 20.04858
6.10 20.00868
6.11 19.96878
6.12 19.92887
6.13 19.88897
6.14 19.84906
6.15 19.80916
6.16 19.76925
6.17 19.72935
6.18 19.68944
6.19 19.64954
6.20 19.60963
6.21 19.56972
6.22 19.52982
6.23 19.48991
6.24 19.45000
6.25 19.41009
6.26 19.37019
6.27 19.33028
6.28 19.29037
6.29 19.25046
6.30 19.21055
6.31 19.17064
6.32 19.13073
6.33 19.09082
6.34 19.05091
6.35 19.01100
6.36 18.97109
6.37 18.93118
6.38 18.89126
6.39 18.85135
6.40 18.81144
6.41 18.77153
6.42 18.73161
6.43 18.69170
6.44 18.65179
6.45 18.61188
6.46 18.57196
6.47 18.53205
6.48 18.49213
6.49 18.45222
6.50 18.41230
6.51 18.37239
6.52 18.33247
6.53 18.29256
6.54 18.25264
6.55 18.21273
6.56 18.17281
6.57 18.13289
6.58 18.09298
6.59 18.05306
6.60 18.01314
6.61 17.97322
6.62 17.93330
6.63 17.89339
6.64 17.85347
6.65 17.81355
6.66 17.77363
6.67 17.73371
6.68 17.69379
6.69 17.65387
6.70 17.61395
6.71 17.57403
6.72 17.53411
6.73 17.49419
6.74 17.45427
6.75 17.41435
6.76 17.37443
6.77 17.33451
6.78 17.29458
6.79 17.25466
6.80 17.21474
6.81 17.17482
6.82 17.13490
6.83 17.09497
6.84 17.05505
6.85 17.01513
6.86 16.97520
6.87 16.93528
6.88 16.89535
6.89 16.85543
6.90 16.81551
6.91 16.77558
6.92 16.73566
6.93 16.69573
6.94 16.65581
6.95 16.61588
6.96 16.57595
6.97 16.53603
6.98 16.49610
6.99 16.45618
7.00 16.41625
7.01 16.37632
7.02 16.33640
7.03 16.29647
7.04 16.25654
7.05 16.21661
7.06 16.17669
7.07 16.13676
7.08 16.09683
7.09 16.05690
7.10 16.01697
7.11 15.97704
7.12 15.93711
7.13 15.89719
7.14 15.85726
7.15 15.81733
7.16 15.77740
7.17 15.73747
7.18 15.69754
7.19 15.65761
7.20 15.61768
7.21 15.57774
7.22 15.53781
7.23 15.49788
7.24 15.45795
7.25 15.41802
7.26 15.37809
7.27 15.33816
7.28 15.29822
7.29 15.25829
7.30 15.21836
7.31 15.17843
7.32 15.13849
7.33 15.09856
7.34 15.05863
7.35 15.01869
7.36 14.97876
7.37 14.93883
7.38 14.89889
7.39 14.85896
7.40 14.81902
7.41 14.77909
7.42 14.73915
7.43 14.69922
7.44 14.65928
7.45 14.61935
7.46 14.57941
7.47 14.53948
7.48 14.49954
7.49 14.45961
7.50 14.41967
7.51 14.37973
7.52 14.33980
7.53 14.29986
7.54 14.25992
7.55 14.21999
7.56 14.18005
7.57 14.14011
7.58 14.10018
7.59 14.06024
7.60 14.02030
7.61 13.98036
7.62 13.94042
7.63 13.90049
7.64 13.86055
7.65 13.82061
7.66 13.78067
7.67 13.74073
7.68 13.70079
7.69 13.66085
7.70 13.62091
7.71 13.58098
7.72 13.54104
7.73 13.50110
7.74 13.46116
7.75 13.42122
7.76 13.38128
7.77 13.34133
7.78 13.30139
7.79 13.26145
7.80 13.22151
7.81 13.18157
7.82 13.14163
7.83 13.10169
7.84 13.06175
7.85 13.02181
7.86 12.98186
7.87 12.94192
7.88 12.90198
7.89 12.86204
7.90 12.82210
7.91 12.78215
7.92 12.74221
7.93 12.70227
7.94 12.66232
7.95 12.62238
7.96 12.58244
7.97 12.54250
7.98 12.50255
7.99 12.46261
8.00 12.42266
8.01 12.38272
8.02 12.34278
8.03 12.30283
8.04 12.26289
8.05 12.22294
8.06 12.18300
8.07 12.14305
8.08 12.10311
8.09 12.06316
8.10 12.02322
8.11 11.98327
8.12 11.94333
8.13 11.90338
8.14 11.86344
8.15 11.82349
8.16 11.78354
8.17 11.74360
8.18 11.70365
8.19 11.66371
8.20 11.62376
8.21 11.58381
8.22 11.54387
8.23 11.50392
8.24 11.46397
8.25 11.42403
8.26 11.38408
8.27 11.34413
8.28 11.30418
8.29 11.26424
8.30 11.22429
8.31 11.18434
8.32 11.14439
8.33 11.10444
8.34 11.06450
8.35 11.02455
8.36 10.98460
8.37 10.94465
8.38 10.90470
8.39 10.86475
8.40 10.82480
8.41 10.78485
8.42 10.74490
8.43 10.70496
8.44 10.66501
8.45 10.62506
8.46 10.58511
8.47 10.54516
8.48 10.50521
8.49 10.46526
8.50 10.42531
8.51 10.38536
8.52 10.34541
8.53 10.30545
8.54 10.26550
8.55 10.22555
8.56 10.18560
8.57 10.14565
8.58 10.10570
8.59 10.06575
8.60 10.02580
8.61 9.98585
8.62 9.94589
8.63 9.90594
8.64 9.86599
8.65 9.82604
8.66 9.78609
8.67 9.74613
8.68 9.70618
8.69 9.66623
8.70 9.62628
8.71 9.58633
8.72 9.54637
8.73 9.50642
8.74 9.46647
8.75 9.42651
8.76 9.38656
8.77 9.34661
8.78 9.30665
8.79 9.26670
8.80 9.22675
8.81 9.18679
8.82 9.14684
8.83 9.10689
8.84 9.06693
8.85 9.02698
8.86 8.98702
8.87 8.94707
8.88 8.90712
8.89 8.86716
8.90 8.82721
8.91 8.78725
8.92 8.74730
8.93 8.70734
8.94 8.66739
8.95 8.62743
8.96 8.58748
8.97 8.54752
8.98 8.50757
8.99 8.46761
9.00 8.42765
9.01 8.38770
9.02 8.34774
9.03 8.30779
9.04 8.26783
9.05 8.22788
9.06 8.18792
9.07 8.14796
9.08 8.10801
9.09 8.06805
9.10 8.02809
9.11 7.98814
9.12 7.94818
9.13 7.90822
9.14 7.86827
9.15 7.82831
9.16 7.78835
9.17 7.74839
9.18 7.70844
9.19 7.66848
9.20 7.62852
9.21 7.58857
9.22 7.54861
9.23 7.50865
9.24 7.46869
9.25 7.42873
9.26 7.38878
9.27 7.34882
9.28 7.30886
9.29 7.26890
9.30 7.22894
9.31 7.18898
9.32 7.14903
9.33 7.10907
9.34 7.06911
9.35 7.02915
9.36 6.98919
9.37 6.94923
9.38 6.90927
9.39 6.86931
9.40 6.82935
9.41 6.78939
9.42 6.74943
9.43 6.70948
9.44 6.66952
9.45 6.62956
9.46 6.58960
9.47 6.54964
9.48 6.50968
9.49 6.46972
9.50 6.42976
9.51 6.38980
9.52 6.34984
9.53 6.30988
9.54 6.26991
9.55 6.22995
9.56 6.18999
9.57 6.15003
9.58 6.11007
9.59 6.07011
9.60 6.03015
9.61 5.99019
9.62 5.95023
9.63 5.91027
9.64 5.87031
9.65 5.83034
9.66 5.79038
9.67 5.75042
9.68 5.71046
9.69 5.67050
9.70 5.63054
9.71 5.59057
9.72 5.55061
9.73 5.51065
9.74 5.47069
9.75 5.43073
9.76 5.39076
9.77 5.35080
9.78 5.31084
9.79 5.27088
9.80 5.23091
9.81 5.19095
9.82 5.15099
9.83 5.11103
9.84 5.07106
9.85 5.03110
9.86 4.99114
9.87 4.95117
9.88 4.91121
9.89 4.87125
9.90 4.83128
9.91 4.79132
9.92 4.75136
9.93 4.71139
9.94 4.67143
9.95 4.63147
9.96 4.59150
9.97 4.55154
9.98 4.51158
9.99 4.47161
10.00 4.43165
10.01 4.39168
10.02 4.35172
10.03 4.31176
10.04 4.27179
10.05 4.23183
10.06 4.19186
10.07 4.15190
10.08 4.11193
10.09 4.07197
10.10 4.03200
10.11 3.99204
10.12 3.95207
10.13 3.91211
10.14 3.87214
10.15 3.83218
10.16 3.79221
10.17 3.75225
10.18 3.71228
10.19 3.67232
10.20 3.63235
10.21 3.59239
10.22 3.55242
10.23 3.51246
10.24 3.47249
10.25 3.43252
10.26 3.39256
10.27 3.35259
10.28 3.31263
10.29 3.27266
10.30 3.23269
10.31 3.19273
10.32 3.15276
10.33 3.11280
10.34 3.07283
10.35 3.03286
10.36 2.99290
10.37 2.95293
10.38 2.91296
10.39 2.87300
10.40 2.83303
10.41 2.79306
10.42 2.75310
10.43 2.71313
10.44 2.67316
10.45 2.63320
10.46 2.59323
10.47 2.55326
10.48 2.51329
10.49 2.47333
10.50 2.43336
10.51 2.39339
10.52 2.35342
10.53 2.31346
10.54 2.27349
10.55 2.23352
10.56 2.19355
10.57 2.15359
10.58 2.11362
10.59 2.07365
10.60 2.03368
10.61 1.99371
10.62 1.95375
10.63 1.91378
10.64 1.87381
10.65 1.83384
10.66 1.79387
10.67 1.75390
10.68 1.71394
10.69 1.67397
10.70 1.63400
10.71 1.59403
10.72 1.55406
10.73 1.51409
10.74 1.47412
10.75 1.43416
10.76 1.39419
10.77 1.35422
10.78 1.31425
10.79 1.27428
10.80 1.23431
10.81 1.19434
10.82 1.15437
10.83 1.11440
10.84 1.07443
10.85 1.03446
10.86 0.99449
10.87 0.95452
10.88 0.91455
10.89 0.87459
10.90 0.83462
10.91 0.79465
10.92 0.75468
10.93 0.71471
10.94 0.67474
10.95 0.63477
10.96 0.59480
10.97 0.55483
10.98 0.51486
10.99 0.47489
11.00 0.43492
11.01 0.39494
11.02 0.35497
11.03 0.31500
11.04 0.27503
11.05 0.23506
11.06 0.19509
11.07 0.15512
11.08 0.11515
11.09 0.07518
11.10 0.03521
11.11 0.00000
11.12 0.00000
11.13 0.00000
11.14 0.00000
11.15 0.00000
11.16 0.00000
11.17 0.00000
11.18 0.00000
11.19 0.00000
11.20 0.00000
11.21 0.00000
11.22 0.00000
11.23 0.00000
11.24 0.00000
11.25 0.00000
11.26 0.00000
11.27 0.00000
11.28 0.00000
11.29 0.00000
11.30 0.00000
11.31 0.00000
11.32 0.00000
11.33 0.00000
11.34 0.00000
11.35 0.00000
11.36 0.00000
11.37 0.00000
11.38 0.00000
11.39 0.00000
11.40 0.00000
11.41 0.00000
11.42 0.00000
11.43 0.00000
11.44 0.00000
11.45 0.00000
11.46 0.00000
11.47 0.00000
11.48 0.00000
11.49 0.00000
11.50 0.00000
11.51 0.00000
11.52 0.00000
11.53 0.00000
11.54 0.00000
11.55 0.00000
11.56 0.00000
11.57 0.00000
11.58 0.00000
11.59 0.00000
11.60 0.00000
11.61 0.00000
11.62 0.00000
11.63 0.00000
11.64 0.00000
11.65 0.00000
11.66 0.00000
11.67 0.00000
11.68 0.00000
11.69 0.00000
11.70 0.00000
11.71 0.00000
11.72 0.00000
11.73 0.00000
11.74 0.00000
11.75 0.00000
11.76 0.00000
11.77 0.00000
11.78 0.00000
11.79 0.00000
11.80 0.00000
11.81 0.00000
11.82 0.00000
11.83 0.00000
11.84 0.00000
11.85 0.00000
11.86 0.00000
11.87 0.00000
11.88 0.00000
11.89 0.00000
11.90 0.00000
11.91 0.00000
11.92 0.00000
11.93 0.00000
11.94 0.00000
11.95 0.00000
11.96 0.00000
11.97 0.00000
11.98 0.00000
11.99 0.00000
12.00 0.00000
12.01 0.00000
12.02 0.00000
12.03 0.00000
12.04 0.00000
12.05 0.00000
12.06 0.00000
12.07 0.00000
12.08 0.00000
12.09 0.00000
12.10 0.00000
