-1.00 0.00000
-0.99 0.00000
-0.98 0.00000
-0.97 0.00000
-0.96 0.00000
-0.95 0.00000
-0.94 0.00000
-0.93 0.00000
-0.92 0.00000
-0.91 0.00000
-0.90 0.00000
-0.89 0.00000
-0.88 0.00000
-0.87 0.00000
-0.86 0.00000
-0.85 0.00000
-0.84 0.00000
-0.83 0.00000
-0.82 0.00000
-0.81 0.00000
-0.80 0.00000
-0.79 0.00000
-0.78 0.00000
-0.77 0.00000
-0.76 0.00000
-0.75 0.00000
-0.74 0.00000
-0.73 0.00000
-0.72 0.00000
-0.71 0.00000
-0.70 0.00000
-0.69 0.00000
-0.68 0.00000
-0.67 0.00000
-0.66 0.00000
-0.65 0.00000
-0.64 0.00000
-0.63 0.00000
-0.62 0.00000
-0.61 0.00000
-0.60 0.00000
-0.59 0.00000
-0.58 0.00000
-0.57 0.00000
-0.56 0.00000
-0.55 0.00000
-0.54 0.00000
-0.53 0.00000
-0.52 0.00000
-0.51 0.00000
-0.50 0.00000
-0.49 0.00000
-0.48 0.00000
-0.47 0.00000
-0.46 0.00000
-0.45 0.00000
-0.44 0.00000
-0.43 0.00000
-0.42 0.00000
-0.41 0.00000
-0.40 0.00000
-0.39 0.00000
-0.38 0.00000
-0.37 0.00000
-0.36 0.00000
-0.35 0.00000
-0.34 0.00000
-0.33 0.00000
-0.32 0.00000
-0.31 0.00000
-0.30 0.00000
-0.29 0.00000
-0.28 0.00000
-0.27 0.00000
-0.26 0.00000
-0.25 0.00000
-0.24 0.00000
-0.23 0.00000
-0.22 0.00000
-0.21 0.00000
-0.20 0.00000
-0.19 0.00000
-0.18 0.00000
-0.17 0.00000
-0.16 0.00000
-0.15 0.00000
-0.14 0.00000
-0.13 0.00000
-0.12 0.00000
-0.11 0.00000
-0.10 0.00000
-0.09 0.00000
-0.08 0.00000
-0.07 0.00000
-0.06 0.00000
-0.05 0.00000
-0.04 0.00000
-0.03 0.00000
-0.02 0.00000
-0.01 0.00000
0.00 0.00000
0.01 0.38961
0.02 0.69867
0.03 0.94790
0.04 1.15147
0.05 1.31939
0.06 1.45897
0.07 1.57562
0.08 1.67347
0.09 1.75572
0.10 1.82487
0.11 1.88292
0.12 1.93148
0.13 1.97187
0.14 2.00517
0.15 2.03227
0.16 2.05393
0.17 2.07078
0.18 2.08338
0.19 2.09217
0.20 2.09755
0.21 2.09988
0.22 2.09945
0.23 2.09652
0.24 2.09131
0.25 2.08405
0.26 2.07489
0.27 2.06400
0.28 2.05153
0.29 2.03759
0.30 2.02231
0.31 2.00578
0.32 1.98809
0.33 1.96934
0.34 1.94959
0.35 1.92891
0.36 1.90736
0.37 1.88501
0.38 1.86190
0.39 1.83808
0.40 1.81360
0.41 1.78850
0.42 1.76280
0.43 1.73655
0.44 1.70978
0.45 1.68252
0.46 1.65479
0.47 1.62662
0.48 1.59803
0.49 1.56904
0.50 1.53968
0.51 1.50997
0.52 1.47991
0.53 1.44954
0.54 1.41885
0.55 1.38787
0.56 1.35662
0.57 1.32509
0.58 1.29332
0.59 1.26130
0.60 1.22904
0.61 1.19657
0.62 1.16388
0.63 1.13099
0.64 1.09790
0.65 1.06463
0.66 1.03117
0.67 0.99754
0.68 0.96375
0.69 0.92979
0.70 0.89569
0.71 0.86143
0.72 0.82703
0.73 0.79250
0.74 0.75783
0.75 0.72303
0.76 0.68811
0.77 0.65308
0.78 0.61793
0.79 0.58266
0.80 0.54730
0.81 0.51182
0.82 0.47625
0.83 0.44058
0.84 0.40482
0.85 0.36897
0.86 0.33303
0.87 0.29700
0.88 0.26089
0.89 0.22471
0.90 0.18844
0.91 0.15210
0.92 0.11569
0.93 0.07921
0.94 0.04266
0.95 0.00604
0.96 0.00000
0.97 0.00000
0.98 0.00000
0.99 0.00000
1.00 0.00000
1.01 0.00000
1.02 0.00000
1.03 0.00000
1.04 0.00000
1.05 0.00000
1.06 0.00000
1.07 0.00000
1.08 0.00000
1.09 0.00000
1.10 0.00000
1.11 0.00000
1.12 0.00000
1.13 0.00000
1.14 0.00000
1.15 0.00000
1.16 0.00000
1.17 0.00000
1.18 0.00000
1.19 0.00000
1.20 0.00000
1.21 0.00000
1.22 0.00000
1.23 0.00000
1.24 0.00000
1.25 0.00000
1.26 0.00000
1.27 0.00000
1.28 0.00000
1.29 0.00000
1.30 0.00000
1.31 0.00000
1.32 0.00000
1.33 0.00000
1.34 0.00000
1.35 0.00000
1.36 0.00000
1.37 0.00000
1.38 0.00000
1.39 0.00000
1.40 0.00000
1.41 0.00000
1.42 0.00000
1.43 0.00000
1.44 0.00000
1.45 0.00000
1.46 0.00000
1.47 0.00000
1.48 0.00000
1.49 0.00000
1.50 0.00000
1.51 0.00000
1.52 0.00000
1.53 0.00000
1.54 0.00000
1.55 0.00000
1.56 0.00000
1.57 0.00000
1.58 0.00000
1.59 0.00000
1.60 0.00000
1.61 0.00000
1.62 0.00000
1.63 0.00000
1.64 0.00000
1.65 0.00000
1.66 0.00000
1.67 0.00000
1.68 0.00000
1.69 0.00000
1.70 0.00000
1.71 0.00000
1.72 0.00000
1.73 0.00000
1.74 0.00000
1.75 0.00000
1.76 0.00000
1.77 0.00000
1.78 0.00000
1.79 0.00000
1.80 0.00000
1.81 0.00000
1.82 0.00000
1.83 0.00000
1.84 0.00000
1.85 0.00000
1.86 0.00000
1.87 0.00000
1.88 0.00000
1.89 0.00000
1.90 0.00000
1.91 0.00000
1.92 0.00000
1.93 0.00000
1.94 0.00000
1.95 0.00000
