-1.00 0.00000
-0.99 0.00000
-0.98 0.00000
-0.97 0.00000
-0.96 0.00000
-0.95 0.00000
-0.94 0.00000
-0.93 0.00000
-0.92 0.00000
-0.91 0.00000
-0.90 0.00000
-0.89 0.00000
-0.88 0.00000
-0.87 0.00000
-0.86 0.00000
-0.85 0.00000
-0.84 0.00000
-0.83 0.00000
-0.82 0.00000
-0.81 0.00000
-0.80 0.00000
-0.79 0.00000
-0.78 0.00000
-0.77 0.00000
-0.76 0.00000
-0.75 0.00000
-0.74 0.00000
-0.73 0.00000
-0.72 0.00000
-0.71 0.00000
-0.70 0.00000
-0.69 0.00000
-0.68 0.00000
-0.67 0.00000
-0.66 0.00000
-0.65 0.00000
-0.64 0.00000
-0.63 0.00000
-0.62 0.00000
-0.61 0.00000
-0.60 0.00000
-0.59 0.00000
-0.58 0.00000
-0.57 0.00000
-0.56 0.00000
-0.55 0.00000
-0.54 0.00000
-0.53 0.00000
-0.52 0.00000
-0.51 0.00000
-0.50 0.00000
-0.49 0.00000
-0.48 0.00000
-0.47 0.00000
-0.46 0.00000
-0.45 0.00000
-0.44 0.00000
-0.43 0.00000
-0.42 0.00000
-0.41 0.00000
-0.40 0.00000
-0.39 0.00000
-0.38 0.00000
-0.37 0.00000
-0.36 0.00000
-0.35 0.00000
-0.34 0.00000
-0.33 0.00000
-0.32 0.00000
-0.31 0.00000
-0.30 0.00000
-0.29 0.00000
-0.28 0.00000
-0.27 0.00000
-0.26 0.00000
-0.25 0.00000
-0.24 0.00000
-0.23 0.00000
-0.22 0.00000
-0.21 0.00000
-0.20 0.00000
-0.19 0.00000
-0.18 0.00000
-0.17 0.00000
-0.16 0.00000
-0.15 0.00000
-0.14 0.00000
-0.13 0.00000
-0.12 0.00000
-0.11 0.00000
-0.10 0.00000
-0.09 0.00000
-0.08 0.00000
-0.07 0.00000
-0.06 0.00000
-0.05 0.00000
-0.04 0.00000
-0.03 0.00000
-0.02 0.00000
-0.01 0.00000
0.00 0.00000
0.01 41.33642
0.02 50.32627
0.03 54.24078
0.04 56.42021
0.05 57.80105
0.06 58.74859
0.07 59.43482
0.08 59.95134
0.09 60.35141
0.10 60.66812
0.11 60.92310
0.12 61.13111
0.13 61.30254
0.14 61.44492
0.15 61.56385
0.16 61.66359
0.17 61.74741
0.18 61.81788
0.19 61.87706
0.20 61.92659
0.21 61.96782
0.22 62.00184
0.23 62.02958
0.24 62.05180
0.25 62.06916
0.26 62.08219
0.27 62.09138
0.28 62.09712
0.29 62.09977
0.30 62.09962
0.31 62.09695
0.32 62.09199
0.33 62.08493
0.34 62.07598
0.35 62.06527
0.36 62.05296
0.37 62.03918
0.38 62.02404
0.39 62.00764
0.40 61.99008
0.41 61.97144
0.42 61.95179
0.43 61.93121
0.44 61.90976
0.45 61.88749
0.46 61.86446
0.47 61.84072
0.48 61.81631
0.49 61.79127
0.50 61.76564
0.51 61.73945
0.52 61.71273
0.53 61.68552
0.54 61.65784
0.55 61.62972
0.56 61.60117
0.57 61.57223
0.58 61.54291
0.59 61.51323
0.60 61.48321
0.61 61.45287
0.62 61.42222
0.63 61.39127
0.64 61.36005
0.65 61.32855
0.66 61.29680
0.67 61.26481
0.68 61.23258
0.69 61.20013
0.70 61.16746
0.71 61.13459
0.72 61.10153
0.73 61.06827
0.74 61.03484
0.75 61.00123
0.76 60.96745
0.77 60.93351
0.78 60.89942
0.79 60.86518
0.80 60.83080
0.81 60.79628
0.82 60.76162
0.83 60.72684
0.84 60.69194
0.85 60.65691
0.86 60.62177
0.87 60.58652
0.88 60.55117
0.89 60.51570
0.90 60.48014
0.91 60.44448
0.92 60.40873
0.93 60.37289
0.94 60.33696
0.95 60.30094
0.96 60.26484
0.97 60.22867
0.98 60.19241
0.99 60.15608
1.00 60.11967
1.01 60.08320
1.02 60.04666
1.03 60.01005
1.04 59.97337
1.05 59.93663
1.06 59.89983
1.07 59.86297
1.08 59.82606
1.09 59.78908
1.10 59.75206
1.11 59.71497
1.12 59.67784
1.13 59.64066
1.14 59.60342
1.15 59.56614
1.16 59.52882
1.17 59.49144
1.18 59.45403
1.19 59.41657
1.20 59.37906
1.21 59.34152
1.22 59.30394
1.23 59.26631
1.24 59.22865
1.25 59.19095
1.26 59.15322
1.27 59.11545
1.28 59.07765
1.29 59.03981
1.30 59.00194
1.31 58.96403
1.32 58.92610
1.33 58.88813
1.34 58.85013
1.35 58.81211
1.36 58.77405
1.37 58.73597
1.38 58.69786
1.39 58.65972
1.40 58.62155
1.41 58.58336
1.42 58.54515
1.43 58.50690
1.44 58.46864
1.45 58.43035
1.46 58.39204
1.47 58.35370
1.48 58.31534
1.49 58.27696
1.50 58.23856
1.51 58.20014
1.52 58.16170
1.53 58.12323
1.54 58.08475
1.55 58.04625
1.56 58.00773
1.57 57.96919
1.58 57.93063
1.59 57.89205
1.60 57.85346
1.61 57.81484
1.62 57.77621
1.63 57.73757
1.64 57.69891
1.65 57.66023
1.66 57.62153
1.67 57.58282
1.68 57.54410
1.69 57.50536
1.70 57.46660
1.71 57.42783
1.72 57.38905
1.73 57.35025
1.74 57.31144
1.75 57.27261
1.76 57.23377
1.77 57.19492
1.78 57.15606
1.79 57.11718
1.80 57.07829
1.81 57.03939
1.82 57.00047
1.83 56.96155
1.84 56.92261
1.85 56.88366
1.86 56.84470
1.87 56.80573
1.88 56.76675
1.89 56.72776
1.90 56.68875
1.91 56.64974
1.92 56.61072
1.93 56.57168
1.94 56.53264
1.95 56.49358
1.96 56.45452
1.97 56.41545
1.98 56.37636
1.99 56.33727
2.00 56.29817
2.01 56.25906
2.02 56.21995
2.03 56.18082
2.04 56.14168
2.05 56.10254
2.06 56.06339
2.07 56.02423
2.08 55.98506
2.09 55.94588
2.10 55.90670
2.11 55.86751
2.12 55.82831
2.13 55.78910
2.14 55.74988
2.15 55.71066
2.16 55.67143
2.17 55.63220
2.18 55.59296
2.19 55.55371
2.20 55.51445
2.21 55.47519
2.22 55.43592
2.23 55.39664
2.24 55.35736
2.25 55.31807
2.26 55.27877
2.27 55.23947
2.28 55.20016
2.29 55.16085
2.30 55.12153
2.31 55.08220
2.32 55.04287
2.33 55.00353
2.34 54.96419
2.35 54.92484
2.36 54.88549
2.37 54.84613
2.38 54.80676
2.39 54.76739
2.40 54.72802
2.41 54.68864
2.42 54.64925
2.43 54.60986
2.44 54.57047
2.45 54.53107
2.46 54.49166
2.47 54.45225
2.48 54.41284
2.49 54.37342
2.50 54.33399
2.51 54.29456
2.52 54.25513
2.53 54.21569
2.54 54.17625
2.55 54.13680
2.56 54.09735
2.57 54.05790
2.58 54.01844
2.59 53.97897
2.60 53.93951
2.61 53.90003
2.62 53.86056
2.63 53.82108
2.64 53.78159
2.65 53.74211
2.66 53.70262
2.67 53.66312
2.68 53.62362
2.69 53.58412
2.70 53.54461
2.71 53.50510
2.72 53.46559
2.73 53.42607
2.74 53.38655
2.75 53.34703
2.76 53.30750
2.77 53.26797
2.78 53.22843
2.79 53.18890
2.80 53.14935
2.81 53.10981
2.82 53.07026
2.83 53.03071
2.84 52.99116
2.85 52.95160
2.86 52.91204
2.87 52.87248
2.88 52.83291
2.89 52.79334
2.90 52.75377
2.91 52.71420
2.92 52.67462
2.93 52.63504
2.94 52.59545
2.95 52.55587
2.96 52.51628
2.97 52.47669
2.98 52.43709
2.99 52.39749
3.00 52.35789
3.01 52.31829
3.02 52.27868
3.03 52.23908
3.04 52.19947
3.05 52.15985
3.06 52.12024
3.07 52.08062
3.08 52.04100
3.09 52.00138
3.10 51.96175
3.11 51.92212
3.12 51.88249
3.13 51.84286
3.14 51.80322
3.15 51.76359
3.16 51.72395
3.17 51.68431
3.18 51.64466
3.19 51.60501
3.20 51.56537
3.21 51.52572
3.22 51.48606
3.23 51.44641
3.24 51.40675
3.25 51.36709
3.26 51.32743
3.27 51.28777
3.28 51.24810
3.29 51.20843
3.30 51.16876
3.31 51.12909
3.32 51.08942
3.33 51.04974
3.34 51.01007
3.35 50.97039
3.36 50.93070
3.37 50.89102
3.38 50.85134
3.39 50.81165
3.40 50.77196
3.41 50.73227
3.42 50.69258
3.43 50.65288
3.44 50.61319
3.45 50.57349
3.46 50.53379
3.47 50.49409
3.48 50.45439
3.49 50.41468
3.50 50.37498
3.51 50.33527
3.52 50.29556
3.53 50.25585
3.54 50.21613
3.55 50.17642
3.56 50.13670
3.57 50.09699
3.58 50.05727
3.59 50.01755
3.60 49.97782
3.61 49.93810
3.62 49.89838
3.63 49.85865
3.64 49.81892
3.65 49.77919
3.66 49.73946
3.67 49.69973
3.68 49.65999
3.69 49.62026
3.70 49.58052
3.71 49.54078
3.72 49.50104
3.73 49.46130
3.74 49.42156
3.75 49.38181
3.76 49.34207
3.77 49.30232
3.78 49.26257
3.79 49.22282
3.80 49.18307
3.81 49.14332
3.82 49.10357
3.83 49.06381
3.84 49.02406
3.85 48.98430
3.86 48.94454
3.87 48.90478
3.88 48.86502
3.89 48.82526
3.90 48.78549
3.91 48.74573
3.92 48.70596
3.93 48.66620
3.94 48.62643
3.95 48.58666
3.96 48.54689
3.97 48.50712
3.98 48.46734
3.99 48.42757
4.00 48.38779
4.01 48.34802
4.02 48.30824
4.03 48.26846
4.04 48.22868
4.05 48.18890
4.06 48.14912
4.07 48.10934
4.08 48.06955
4.09 48.02977
4.10 47.98998
4.11 47.95020
4.12 47.91041
4.13 47.87062
4.14 47.83083
4.15 47.79104
4.16 47.75125
4.17 47.71145
4.18 47.67166
4.19 47.63186
4.20 47.59207
4.21 47.55227
4.22 47.51247
4.23 47.47268
4.24 47.43288
4.25 47.39307
4.26 47.35327
4.27 47.31347
4.28 47.27367
4.29 47.23386
4.30 47.19406
4.31 47.15425
4.32 47.11444
4.33 47.07464
4.34 47.03483
4.35 46.99502
4.36 46.95521
4.37 46.91539
4.38 46.87558
4.39 46.83577
4.40 46.79595
4.41 46.75614
4.42 46.71632
4.43 46.67651
4.44 46.63669
4.45 46.59687
4.46 46.55705
4.47 46.51723
4.48 46.47741
4.49 46.43759
4.50 46.39777
4.51 46.35795
4.52 46.31812
4.53 46.27830
4.54 46.23847
4.55 46.19865
4.56 46.15882
4.57 46.11899
4.58 46.07916
4.59 46.03933
4.60 45.99950
4.61 45.95967
4.62 45.91984
4.63 45.88001
4.64 45.84018
4.65 45.80034
4.66 45.76051
4.67 45.72067
4.68 45.68084
4.69 45.64100
4.70 45.60116
4.71 45.56133
4.72 45.52149
4.73 45.48165
4.74 45.44181
4.75 45.40197
4.76 45.36213
4.77 45.32229
4.78 45.28244
4.79 45.24260
4.80 45.20276
4.81 45.16291
4.82 45.12307
4.83 45.08322
4.84 45.04337
4.85 45.00353
4.86 44.96368
4.87 44.92383
4.88 44.88398
4.89 44.84413
4.90 44.80428
4.91 44.76443
4.92 44.72458
4.93 44.68473
4.94 44.64488
4.95 44.60502
4.96 44.56517
4.97 44.52532
4.98 44.48546
4.99 44.44561
5.00 44.40575
5.01 44.36589
5.02 44.32604
5.03 44.28618
5.04 44.24632
5.05 44.20646
5.06 44.16660
5.07 44.12674
5.08 44.08688
5.09 44.04702
5.10 44.00716
5.11 43.96730
5.12 43.92743
5.13 43.88757
5.14 43.84771
5.15 43.80784
5.16 43.76798
5.17 43.72811
5.18 43.68825
5.19 43.64838
5.20 43.60851
5.21 43.56865
5.22 43.52878
5.23 43.48891
5.24 43.44904
5.25 43.40917
5.26 43.36930
5.27 43.32943
5.28 43.28956
5.29 43.24969
5.30 43.20982
5.31 43.16994
5.32 43.13007
5.33 43.09020
5.34 43.05032
5.35 43.01045
5.36 42.97057
5.37 42.93070
5.38 42.89082
5.39 42.85095
5.40 42.81107
5.41 42.77119
5.42 42.73132
5.43 42.69144
5.44 42.65156
5.45 42.61168
5.46 42.57180
5.47 42.53192
5.48 42.49204
5.49 42.45216
5.50 42.41228
5.51 42.37240
5.52 42.33252
5.53 42.29264
5.54 42.25275
5.55 42.21287
5.56 42.17299
5.57 42.13310
5.58 42.09322
5.59 42.05333
5.60 42.01345
5.61 41.97356
5.62 41.93368
5.63 41.89379
5.64 41.85390
5.65 41.81401
5.66 41.77413
5.67 41.73424
5.68 41.69435
5.69 41.65446
5.70 41.61457
5.71 41.57468
5.72 41.53479
5.73 41.49490
5.74 41.45501
5.75 41.41512
5.76 41.37523
5.77 41.33534
5.78 41.29545
5.79 41.25555
5.80 41.21566
5.81 41.17577
5.82 41.13587
5.83 41.09598
5.84 41.05608
5.85 41.01619
5.86 40.97629
5.87 40.93640
5.88 40.89650
5.89 40.85661
5.90 40.81671
5.91 40.77681
5.92 40.73692
5.93 40.69702
5.94 40.65712
5.95 40.61722
5.96 40.57732
5.97 40.53742
5.98 40.49752
5.99 40.45762
6.00 40.41772
6.01 40.37782
6.02 40.33792
6.03 40.29802
6.04 40.25812
6.05 40.21822
6.06 40.17832
6.07 40.13842
6.08 40.09851
6.09 40.05861
6.10 40.01871
6.11 39.97880
6.12 39.93890
6.13 39.89899
6.14 39.85909
6.15 39.81919
6.16 39.77928
6.17 39.73937
6.18 39.69947
6.19 39.65956
6.20 39.61966
6.21 39.57975
6.22 39.53984
6.23 39.49994
6.24 39.46003
6.25 39.42012
6.26 39.38021
6.27 39.34030
6.28 39.30039
6.29 39.26049
6.30 39.22058
6.31 39.18067
6.32 39.14076
6.33 39.10085
6.34 39.06094
6.35 39.02103
6.36 38.98111
6.37 38.94120
6.38 38.90129
6.39 38.86138
6.40 38.82147
6.41 38.78156
6.42 38.74164
6.43 38.70173
6.44 38.66182
6.45 38.62190
6.46 38.58199
6.47 38.54208
6.48 38.50216
6.49 38.46225
6.50 38.42233
6.51 38.38242
6.52 38.34250
6.53 38.30259
6.54 38.26267
6.55 38.22275
6.56 38.18284
6.57 38.14292
6.58 38.10300
6.59 38.06309
6.60 38.02317
6.61 37.98325
6.62 37.94333
6.63 37.90342
6.64 37.86350
6.65 37.82358
6.66 37.78366
6.67 37.74374
6.68 37.70382
6.69 37.66390
6.70 37.62398
6.71 37.58406
6.72 37.54414
6.73 37.50422
6.74 37.46430
6.75 37.42438
6.76 37.38446
6.77 37.34454
6.78 37.30461
6.79 37.26469
6.80 37.22477
6.81 37.18485
6.82 37.14493
6.83 37.10500
6.84 37.06508
6.85 37.02516
6.86 36.98523
6.87 36.94531
6.88 36.90539
6.89 36.86546
6.90 36.82554
6.91 36.78561
6.92 36.74569
6.93 36.70576
6.94 36.66584
6.95 36.62591
6.96 36.58599
6.97 36.54606
6.98 36.50613
6.99 36.46621
7.00 36.42628
7.01 36.38635
7.02 36.34643
7.03 36.30650
7.04 36.26657
7.05 36.22665
7.06 36.18672
7.07 36.14679
7.08 36.10686
7.09 36.06693
7.10 36.02700
7.11 35.98708
7.12 35.94715
7.13 35.90722
7.14 35.86729
7.15 35.82736
7.16 35.78743
7.17 35.74750
7.18 35.70757
7.19 35.66764
7.20 35.62771
7.21 35.58778
7.22 35.54785
7.23 35.50791
7.24 35.46798
7.25 35.42805
7.26 35.38812
7.27 35.34819
7.28 35.30826
7.29 35.26832
7.30 35.22839
7.31 35.18846
7.32 35.14853
7.33 35.10859
7.34 35.06866
7.35 35.02873
7.36 34.98879
7.37 34.94886
7.38 34.90892
7.39 34.86899
7.40 34.82906
7.41 34.78912
7.42 34.74919
7.43 34.70925
7.44 34.66932
7.45 34.62938
7.46 34.58945
7.47 34.54951
7.48 34.50958
7.49 34.46964
7.50 34.42970
7.51 34.38977
7.52 34.34983
7.53 34.30990
7.54 34.26996
7.55 34.23002
7.56 34.19008
7.57 34.15015
7.58 34.11021
7.59 34.07027
7.60 34.03033
7.61 33.99040
7.62 33.95046
7.63 33.91052
7.64 33.87058
7.65 33.83064
7.66 33.79071
7.67 33.75077
7.68 33.71083
7.69 33.67089
7.70 33.63095
7.71 33.59101
7.72 33.55107
7.73 33.51113
7.74 33.47119
7.75 33.43125
7.76 33.39131
7.77 33.35137
7.78 33.31143
7.79 33.27149
7.80 33.23155
7.81 33.19161
7.82 33.15167
7.83 33.11172
7.84 33.07178
7.85 33.03184
7.86 32.99190
7.87 32.95196
7.88 32.91202
7.89 32.87207
7.90 32.83213
7.91 32.79219
7.92 32.75225
7.93 32.71230
7.94 32.67236
7.95 32.63242
7.96 32.59247
7.97 32.55253
7.98 32.51259
7.99 32.47264
8.00 32.43270
8.01 32.39276
8.02 32.35281
8.03 32.31287
8.04 32.27292
8.05 32.23298
8.06 32.19303
8.07 32.15309
8.08 32.11314
8.09 32.07320
8.10 32.03325
8.11 31.99331
8.12 31.95336
8.13 31.91342
8.14 31.87347
8.15 31.83353
8.16 31.79358
8.17 31.75363
8.18 31.71369
8.19 31.67374
8.20 31.63380
8.21 31.59385
8.22 31.55390
8.23 31.51396
8.24 31.47401
8.25 31.43406
8.26 31.39411
8.27 31.35417
8.28 31.31422
8.29 31.27427
8.30 31.23432
8.31 31.19438
8.32 31.15443
8.33 31.11448
8.34 31.07453
8.35 31.03458
8.36 30.99463
8.37 30.95469
8.38 30.91474
8.39 30.87479
8.40 30.83484
8.41 30.79489
8.42 30.75494
8.43 30.71499
8.44 30.67504
8.45 30.63509
8.46 30.59514
8.47 30.55519
8.48 30.51524
8.49 30.47529
8.50 30.43534
8.51 30.39539
8.52 30.35544
8.53 30.31549
8.54 30.27554
8.55 30.23559
8.56 30.19564
8.57 30.15569
8.58 30.11574
8.59 30.07579
8.60 30.03583
8.61 29.99588
8.62 29.95593
8.63 29.91598
8.64 29.87603
8.65 29.83608
8.66 29.79612
8.67 29.75617
8.68 29.71622
8.69 29.67627
8.70 29.63632
8.71 29.59636
8.72 29.55641
8.73 29.51646
8.74 29.47650
8.75 29.43655
8.76 29.39660
8.77 29.35665
8.78 29.31669
8.79 29.27674
8.80 29.23679
8.81 29.19683
8.82 29.15688
8.83 29.11692
8.84 29.07697
8.85 29.03702
8.86 28.99706
8.87 28.95711
8.88 28.91715
8.89 28.87720
8.90 28.83724
8.91 28.79729
8.92 28.75733
8.93 28.71738
8.94 28.67742
8.95 28.63747
8.96 28.59751
8.97 28.55756
8.98 28.51760
8.99 28.47765
9.00 28.43769
9.01 28.39774
9.02 28.35778
9.03 28.31783
9.04 28.27787
9.05 28.23791
9.06 28.19796
9.07 28.15800
9.08 28.11804
9.09 28.07809
9.10 28.03813
9.11 27.99818
9.12 27.95822
9.13 27.91826
9.14 27.87830
9.15 27.83835
9.16 27.79839
9.17 27.75843
9.18 27.71848
9.19 27.67852
9.20 27.63856
9.21 27.59860
9.22 27.55865
9.23 27.51869
9.24 27.47873
9.25 27.43877
9.26 27.39881
9.27 27.35886
9.28 27.31890
9.29 27.27894
9.30 27.23898
9.31 27.19902
9.32 27.15906
9.33 27.11911
9.34 27.07915
9.35 27.03919
9.36 26.99923
9.37 26.95927
9.38 26.91931
9.39 26.87935
9.40 26.83939
9.41 26.79943
9.42 26.75947
9.43 26.71951
9.44 26.67956
9.45 26.63960
9.46 26.59964
9.47 26.55968
9.48 26.51972
9.49 26.47976
9.50 26.43980
9.51 26.39984
9.52 26.35988
9.53 26.31991
9.54 26.27995
9.55 26.23999
9.56 26.20003
9.57 26.16007
9.58 26.12011
9.59 26.08015
9.60 26.04019
9.61 26.00023
9.62 25.96027
9.63 25.92031
9.64 25.88035
9.65 25.84038
9.66 25.80042
9.67 25.76046
9.68 25.72050
9.69 25.68054
9.70 25.64058
9.71 25.60061
9.72 25.56065
9.73 25.52069
9.74 25.48073
9.75 25.44077
9.76 25.40080
9.77 25.36084
9.78 25.32088
9.79 25.28092
9.80 25.24095
9.81 25.20099
9.82 25.16103
9.83 25.12107
9.84 25.08110
9.85 25.04114
9.86 25.00118
9.87 24.96121
9.88 24.92125
9.89 24.88129
9.90 24.84132
9.91 24.80136
9.92 24.76140
9.93 24.72143
9.94 24.68147
9.95 24.64151
9.96 24.60154
9.97 24.56158
9.98 24.52162
9.99 24.48165
10.00 24.44169
10.01 24.40172
10.02 24.36176
10.03 24.32180
10.04 24.28183
10.05 24.24187
10.06 24.20190
10.07 24.16194
10.08 24.12197
10.09 24.08201
10.10 24.04204
10.11 24.00208
10.12 23.96211
10.13 23.92215
10.14 23.88218
10.15 23.84222
10.16 23.80225
10.17 23.76229
10.18 23.72232
10.19 23.68236
10.20 23.64239
10.21 23.60243
10.22 23.56246
10.23 23.52250
10.24 23.48253
10.25 23.44257
10.26 23.40260
10.27 23.36263
10.28 23.32267
10.29 23.28270
10.30 23.24274
10.31 23.20277
10.32 23.16280
10.33 23.12284
10.34 23.08287
10.35 23.04290
10.36 23.00294
10.37 22.96297
10.38 22.92300
10.39 22.88304
10.40 22.84307
10.41 22.80310
10.42 22.76314
10.43 22.72317
10.44 22.68320
10.45 22.64324
10.46 22.60327
10.47 22.56330
10.48 22.52334
10.49 22.48337
10.50 22.44340
10.51 22.40343
10.52 22.36347
10.53 22.32350
10.54 22.28353
10.55 22.24356
10.56 22.20360
10.57 22.16363
10.58 22.12366
10.59 22.08369
10.60 22.04372
10.61 22.00376
10.62 21.96379
10.63 21.92382
10.64 21.88385
10.65 21.84388
10.66 21.80391
10.67 21.76395
10.68 21.72398
10.69 21.68401
10.70 21.64404
10.71 21.60407
10.72 21.56410
10.73 21.52413
10.74 21.48417
10.75 21.44420
10.76 21.40423
10.77 21.36426
10.78 21.32429
10.79 21.28432
10.80 21.24435
10.81 21.20438
10.82 21.16441
10.83 21.12444
10.84 21.08447
10.85 21.04451
10.86 21.00454
10.87 20.96457
10.88 20.92460
10.89 20.88463
10.90 20.84466
10.91 20.80469
10.92 20.76472
10.93 20.72475
10.94 20.68478
10.95 20.64481
10.96 20.60484
10.97 20.56487
10.98 20.52490
10.99 20.48493
11.00 20.44496
11.01 20.40499
11.02 20.36502
11.03 20.32505
11.04 20.28508
11.05 20.24511
11.06 20.20513
11.07 20.16516
11.08 20.12519
11.09 20.08522
11.10 20.04525
11.11 20.00528
11.12 19.96531
11.13 19.92534
11.14 19.88537
11.15 19.84540
11.16 19.80543
11.17 19.76545
11.18 19.72548
11.19 19.68551
11.20 19.64554
11.21 19.60557
11.22 19.56560
11.23 19.52563
11.24 19.48566
11.25 19.44568
11.26 19.40571
11.27 19.36574
11.28 19.32577
11.29 19.28580
11.30 19.24583
11.31 19.20585
11.32 19.16588
11.33 19.12591
11.34 19.08594
11.35 19.04597
11.36 19.00599
11.37 18.96602
11.38 18.92605
11.39 18.88608
11.40 18.84610
11.41 18.80613
11.42 18.76616
11.43 18.72619
11.44 18.68621
11.45 18.64624
11.46 18.60627
11.47 18.56630
11.48 18.52632
11.49 18.48635
11.50 18.44638
11.51 18.40641
11.52 18.36643
11.53 18.32646
11.54 18.28649
11.55 18.24651
11.56 18.20654
11.57 18.16657
11.58 18.12659
11.59 18.08662
11.60 18.04665
11.61 18.00668
11.62 17.96670
11.63 17.92673
11.64 17.88675
11.65 17.84678
11.66 17.80681
11.67 17.76683
11.68 17.72686
11.69 17.68689
11.70 17.64691
11.71 17.60694
11.72 17.56697
11.73 17.52699
11.74 17.48702
11.75 17.44704
11.76 17.40707
11.77 17.36710
11.78 17.32712
11.79 17.28715
11.80 17.24717
11.81 17.20720
11.82 17.16723
11.83 17.12725
11.84 17.08728
11.85 17.04730
11.86 17.00733
11.87 16.96735
11.88 16.92738
11.89 16.88740
11.90 16.84743
11.91 16.80746
11.92 16.76748
11.93 16.72751
11.94 16.68753
11.95 16.64756
11.96 16.60758
11.97 16.56761
11.98 16.52763
11.99 16.48766
12.00 16.44768
12.01 16.40771
12.02 16.36773
12.03 16.32776
12.04 16.28778
12.05 16.24781
12.06 16.20783
12.07 16.16786
12.08 16.12788
12.09 16.08791
12.10 16.04793
12.11 16.00795
12.12 15.96798
12.13 15.92800
12.14 15.88803
12.15 15.84805
12.16 15.80808
12.17 15.76810
12.18 15.72812
12.19 15.68815
12.20 15.64817
12.21 15.60820
12.22 15.56822
12.23 15.52825
12.24 15.48827
12.25 15.44829
12.26 15.40832
12.27 15.36834
12.28 15.32837
12.29 15.28839
12.30 15.24841
12.31 15.20844
12.32 15.16846
12.33 15.12848
12.34 15.08851
12.35 15.04853
12.36 15.00855
12.37 14.96858
12.38 14.92860
12.39 14.88863
12.40 14.84865
12.41 14.80867
12.42 14.76870
12.43 14.72872
12.44 14.68874
12.45 14.64877
12.46 14.60879
12.47 14.56881
12.48 14.52883
12.49 14.48886
12.50 14.44888
12.51 14.40890
12.52 14.36893
12.53 14.32895
12.54 14.28897
12.55 14.24900
12.56 14.20902
12.57 14.16904
12.58 14.12906
12.59 14.08909
12.60 14.04911
12.61 14.00913
12.62 13.96915
12.63 13.92918
12.64 13.88920
12.65 13.84922
12.66 13.80924
12.67 13.76927
12.68 13.72929
12.69 13.68931
12.70 13.64933
12.71 13.60936
12.72 13.56938
12.73 13.52940
12.74 13.48942
12.75 13.44944
12.76 13.40947
12.77 13.36949
12.78 13.32951
12.79 13.28953
12.80 13.24956
12.81 13.20958
12.82 13.16960
12.83 13.12962
12.84 13.08964
12.85 13.04966
12.86 13.00969
12.87 12.96971
12.88 12.92973
12.89 12.88975
12.90 12.84977
12.91 12.80979
12.92 12.76982
12.93 12.72984
12.94 12.68986
12.95 12.64988
12.96 12.60990
12.97 12.56992
12.98 12.52994
12.99 12.48997
13.00 12.44999
13.01 12.41001
13.02 12.37003
13.03 12.33005
13.04 12.29007
13.05 12.25009
13.06 12.21011
13.07 12.17014
13.08 12.13016
13.09 12.09018
13.10 12.05020
13.11 12.01022
13.12 11.97024
13.13 11.93026
13.14 11.89028
13.15 11.85030
13.16 11.81032
13.17 11.77034
13.18 11.73037
13.19 11.69039
13.20 11.65041
13.21 11.61043
13.22 11.57045
13.23 11.53047
13.24 11.49049
13.25 11.45051
13.26 11.41053
13.27 11.37055
13.28 11.33057
13.29 11.29059
13.30 11.25061
13.31 11.21063
13.32 11.17065
13.33 11.13067
13.34 11.09069
13.35 11.05071
13.36 11.01073
13.37 10.97075
13.38 10.93077
13.39 10.89079
13.40 10.85081
13.41 10.81083
13.42 10.77085
13.43 10.73087
13.44 10.69089
13.45 10.65091
13.46 10.61093
13.47 10.57095
13.48 10.53097
13.49 10.49099
13.50 10.45101
13.51 10.41103
13.52 10.37105
13.53 10.33107
13.54 10.29109
13.55 10.25111
13.56 10.21113
13.57 10.17115
13.58 10.13117
13.59 10.09119
13.60 10.05121
13.61 10.01123
13.62 9.97125
13.63 9.93127
13.64 9.89129
13.65 9.85131
13.66 9.81132
13.67 9.77134
13.68 9.73136
13.69 9.69138
13.70 9.65140
13.71 9.61142
13.72 9.57144
13.73 9.53146
13.74 9.49148
13.75 9.45150
13.76 9.41152
13.77 9.37153
13.78 9.33155
13.79 9.29157
13.80 9.25159
13.81 9.21161
13.82 9.17163
13.83 9.13165
13.84 9.09167
13.85 9.05169
13.86 9.01170
13.87 8.97172
13.88 8.93174
13.89 8.89176
13.90 8.85178
13.91 8.81180
13.92 8.77182
13.93 8.73183
13.94 8.69185
13.95 8.65187
13.96 8.61189
13.97 8.57191
13.98 8.53193
13.99 8.49195
14.00 8.45196
14.01 8.41198
14.02 8.37200
14.03 8.33202
14.04 8.29204
14.05 8.25206
14.06 8.21207
14.07 8.17209
14.08 8.13211
14.09 8.09213
14.10 8.05215
14.11 8.01216
14.12 7.97218
14.13 7.93220
14.14 7.89222
14.15 7.85224
14.16 7.81225
14.17 7.77227
14.18 7.73229
14.19 7.69231
14.20 7.65233
14.21 7.61234
14.22 7.57236
14.23 7.53238
14.24 7.49240
14.25 7.45241
14.26 7.41243
14.27 7.37245
14.28 7.33247
14.29 7.29249
14.30 7.25250
14.31 7.21252
14.32 7.17254
14.33 7.13256
14.34 7.09257
14.35 7.05259
14.36 7.01261
14.37 6.97263
14.38 6.93264
14.39 6.89266
14.40 6.85268
14.41 6.81269
14.42 6.77271
14.43 6.73273
14.44 6.69275
14.45 6.65276
14.46 6.61278
14.47 6.57280
14.48 6.53282
14.49 6.49283
14.50 6.45285
14.51 6.41287
14.52 6.37288
14.53 6.33290
14.54 6.29292
14.55 6.25294
14.56 6.21295
14.57 6.17297
14.58 6.13299
14.59 6.09300
14.60 6.05302
14.61 6.01304
14.62 5.97305
14.63 5.93307
14.64 5.89309
14.65 5.85310
14.66 5.81312
14.67 5.77314
14.68 5.73315
14.69 5.69317
14.70 5.65319
14.71 5.61320
14.72 5.57322
14.73 5.53324
14.74 5.49325
14.75 5.45327
14.76 5.41329
14.77 5.37330
14.78 5.33332
14.79 5.29334
14.80 5.25335
14.81 5.21337
14.82 5.17339
14.83 5.13340
14.84 5.09342
14.85 5.05343
14.86 5.01345
14.87 4.97347
14.88 4.93348
14.89 4.89350
14.90 4.85352
14.91 4.81353
14.92 4.77355
14.93 4.73356
14.94 4.69358
14.95 4.65360
14.96 4.61361
14.97 4.57363
14.98 4.53364
14.99 4.49366
15.00 4.45368
15.01 4.41369
15.02 4.37371
15.03 4.33372
15.04 4.29374
15.05 4.25376
15.06 4.21377
15.07 4.17379
15.08 4.13380
15.09 4.09382
15.10 4.05384
15.11 4.01385
15.12 3.97387
15.13 3.93388
15.14 3.89390
15.15 3.85391
15.16 3.81393
15.17 3.77395
15.18 3.73396
15.19 3.69398
15.20 3.65399
15.21 3.61401
15.22 3.57402
15.23 3.53404
15.24 3.49405
15.25 3.45407
15.26 3.41409
15.27 3.37410
15.28 3.33412
15.29 3.29413
15.30 3.25415
15.31 3.21416
15.32 3.17418
15.33 3.13419
15.34 3.09421
15.35 3.05422
15.36 3.01424
15.37 2.97425
15.38 2.93427
15.39 2.89428
15.40 2.85430
15.41 2.81431
15.42 2.77433
15.43 2.73435
15.44 2.69436
15.45 2.65438
15.46 2.61439
15.47 2.57441
15.48 2.53442
15.49 2.49444
15.50 2.45445
15.51 2.41447
15.52 2.37448
15.53 2.33450
15.54 2.29451
15.55 2.25452
15.56 2.21454
15.57 2.17455
15.58 2.13457
15.59 2.09458
15.60 2.05460
15.61 2.01461
15.62 1.97463
15.63 1.93464
15.64 1.89466
15.65 1.85467
15.66 1.81469
15.67 1.77470
15.68 1.73472
15.69 1.69473
15.70 1.65475
15.71 1.61476
15.72 1.57478
15.73 1.53479
15.74 1.49480
15.75 1.45482
15.76 1.41483
15.77 1.37485
15.78 1.33486
15.79 1.29488
15.80 1.25489
15.81 1.21491
15.82 1.17492
15.83 1.13493
15.84 1.09495
15.85 1.05496
15.86 1.01498
15.87 0.97499
15.88 0.93501
15.89 0.89502
15.90 0.85503
15.91 0.81505
15.92 0.77506
15.93 0.73508
15.94 0.69509
15.95 0.65511
15.96 0.61512
15.97 0.57513
15.98 0.53515
15.99 0.49516
16.00 0.45518
16.01 0.41519
16.02 0.37520
16.03 0.33522
16.04 0.29523
16.05 0.25525
16.06 0.21526
16.07 0.17527
16.08 0.13529
16.09 0.09530
16.10 0.05532
16.11 0.01533
16.12 0.00000
16.13 0.00000
16.14 0.00000
16.15 0.00000
16.16 0.00000
16.17 0.00000
16.18 0.00000
16.19 0.00000
16.20 0.00000
16.21 0.00000
16.22 0.00000
16.23 0.00000
16.24 0.00000
16.25 0.00000
16.26 0.00000
16.27 0.00000
16.28 0.00000
16.29 0.00000
16.30 0.00000
16.31 0.00000
16.32 0.00000
16.33 0.00000
16.34 0.00000
16.35 0.00000
16.36 0.00000
16.37 0.00000
16.38 0.00000
16.39 0.00000
16.40 0.00000
16.41 0.00000
16.42 0.00000
16.43 0.00000
16.44 0.00000
16.45 0.00000
16.46 0.00000
16.47 0.00000
16.48 0.00000
16.49 0.00000
16.50 0.00000
16.51 0.00000
16.52 0.00000
16.53 0.00000
16.54 0.00000
16.55 0.00000
16.56 0.00000
16.57 0.00000
16.58 0.00000
16.59 0.00000
16.60 0.00000
16.61 0.00000
16.62 0.00000
16.63 0.00000
16.64 0.00000
16.65 0.00000
16.66 0.00000
16.67 0.00000
16.68 0.00000
16.69 0.00000
16.70 0.00000
16.71 0.00000
16.72 0.00000
16.73 0.00000
16.74 0.00000
16.75 0.00000
16.76 0.00000
16.77 0.00000
16.78 0.00000
16.79 0.00000
16.80 0.00000
16.81 0.00000
16.82 0.00000
16.83 0.00000
16.84 0.00000
16.85 0.00000
16.86 0.00000
16.87 0.00000
16.88 0.00000
16.89 0.00000
16.90 0.00000
16.91 0.00000
16.92 0.00000
16.93 0.00000
16.94 0.00000
16.95 0.00000
16.96 0.00000
16.97 0.00000
16.98 0.00000
16.99 0.00000
17.00 0.00000
17.01 0.00000
17.02 0.00000
17.03 0.00000
17.04 0.00000
17.05 0.00000
17.06 0.00000
17.07 0.00000
17.08 0.00000
17.09 0.00000
17.10 0.00000
17.11 0.00000
