-1.00 0.00000
-0.99 0.00000
-0.98 0.00000
-0.97 0.00000
-0.96 0.00000
-0.95 0.00000
-0.94 0.00000
-0.93 0.00000
-0.92 0.00000
-0.91 0.00000
-0.90 0.00000
-0.89 0.00000
-0.88 0.00000
-0.87 0.00000
-0.86 0.00000
-0.85 0.00000
-0.84 0.00000
-0.83 0.00000
-0.82 0.00000
-0.81 0.00000
-0.80 0.00000
-0.79 0.00000
-0.78 0.00000
-0.77 0.00000
-0.76 0.00000
-0.75 0.00000
-0.74 0.00000
-0.73 0.00000
-0.72 0.00000
-0.71 0.00000
-0.70 0.00000
-0.69 0.00000
-0.68 0.00000
-0.67 0.00000
-0.66 0.00000
-0.65 0.00000
-0.64 0.00000
-0.63 0.00000
-0.62 0.00000
-0.61 0.00000
-0.60 0.00000
-0.59 0.00000
-0.58 0.00000
-0.57 0.00000
-0.56 0.00000
-0.55 0.00000
-0.54 0.00000
-0.53 0.00000
-0.52 0.00000
-0.51 0.00000
-0.50 0.00000
-0.49 0.00000
-0.48 0.00000
-0.47 0.00000
-0.46 0.00000
-0.45 0.00000
-0.44 0.00000
-0.43 0.00000
-0.42 0.00000
-0.41 0.00000
-0.40 0.00000
-0.39 0.00000
-0.38 0.00000
-0.37 0.00000
-0.36 0.00000
-0.35 0.00000
-0.34 0.00000
-0.33 0.00000
-0.32 0.00000
-0.31 0.00000
-0.30 0.00000
-0.29 0.00000
-0.28 0.00000
-0.27 0.00000
-0.26 0.00000
-0.25 0.00000
-0.24 0.00000
-0.23 0.00000
-0.22 0.00000
-0.21 0.00000
-0.20 0.00000
-0.19 0.00000
-0.18 0.00000
-0.17 0.00000
-0.16 0.00000
-0.15 0.00000
-0.14 0.00000
-0.13 0.00000
-0.12 0.00000
-0.11 0.00000
-0.10 0.00000
-0.09 0.00000
-0.08 0.00000
-0.07 0.00000
-0.06 0.00000
-0.05 0.00000
-0.04 0.00000
-0.03 0.00000
-0.02 0.00000
-0.01 0.00000
0.00 0.00000
0.01 2.69057
0.02 4.32385
0.03 5.41431
0.04 6.18923
0.05 6.76455
0.06 7.20559
0.07 7.55199
0.08 7.82917
0.09 8.05420
0.10 8.23898
0.11 8.39202
0.12 8.51960
0.13 8.62644
0.14 8.71618
0.15 8.79163
0.16 8.85503
0.17 8.90818
0.18 8.95253
0.19 8.98926
0.20 9.01938
0.21 9.04368
0.22 9.06288
0.23 9.07755
0.24 9.08820
0.25 9.09525
0.26 9.09907
0.27 9.09999
0.28 9.09829
0.29 9.09420
0.30 9.08794
0.31 9.07971
0.32 9.06968
0.33 9.05798
0.34 9.04477
0.35 9.03015
0.36 9.01423
0.37 8.99712
0.38 8.97889
0.39 8.95963
0.40 8.93941
0.41 8.91829
0.42 8.89634
0.43 8.87360
0.44 8.85014
0.45 8.82598
0.46 8.80118
0.47 8.77578
0.48 8.74981
0.49 8.72329
0.50 8.69627
0.51 8.66877
0.52 8.64082
0.53 8.61244
0.54 8.58365
0.55 8.55448
0.56 8.52494
0.57 8.49505
0.58 8.46484
0.59 8.43430
0.60 8.40347
0.61 8.37235
0.62 8.34096
0.63 8.30931
0.64 8.27741
0.65 8.24528
0.66 8.21291
0.67 8.18033
0.68 8.14754
0.69 8.11455
0.70 8.08137
0.71 8.04800
0.72 8.01446
0.73 7.98075
0.74 7.94687
0.75 7.91284
0.76 7.87866
0.77 7.84433
0.78 7.80986
0.79 7.77526
0.80 7.74053
0.81 7.70567
0.82 7.67069
0.83 7.63560
0.84 7.60039
0.85 7.56508
0.86 7.52966
0.87 7.49413
0.88 7.45851
0.89 7.42280
0.90 7.38699
0.91 7.35109
0.92 7.31511
0.93 7.27905
0.94 7.24290
0.95 7.20667
0.96 7.17037
0.97 7.13399
0.98 7.09755
0.99 7.06103
1.00 7.02445
1.01 6.98780
1.02 6.95108
1.03 6.91431
1.04 6.87747
1.05 6.84058
1.06 6.80362
1.07 6.76662
1.08 6.72956
1.09 6.69244
1.10 6.65528
1.11 6.61807
1.12 6.58081
1.13 6.54350
1.14 6.50614
1.15 6.46874
1.16 6.43130
1.17 6.39381
1.18 6.35628
1.19 6.31872
1.20 6.28111
1.21 6.24346
1.22 6.20578
1.23 6.16806
1.24 6.13030
1.25 6.09251
1.26 6.05469
1.27 6.01683
1.28 5.97894
1.29 5.94101
1.30 5.90306
1.31 5.86507
1.32 5.82706
1.33 5.78901
1.34 5.75094
1.35 5.71284
1.36 5.67471
1.37 5.63656
1.38 5.59838
1.39 5.56017
1.40 5.52194
1.41 5.48368
1.42 5.44540
1.43 5.40710
1.44 5.36877
1.45 5.33043
1.46 5.29205
1.47 5.25366
1.48 5.21525
1.49 5.17681
1.50 5.13836
1.51 5.09988
1.52 5.06139
1.53 5.02287
1.54 4.98434
1.55 4.94579
1.56 4.90722
1.57 4.86863
1.58 4.83002
1.59 4.79140
1.60 4.75276
1.61 4.71411
1.62 4.67543
1.63 4.63675
1.64 4.59804
1.65 4.55932
1.66 4.52059
1.67 4.48184
1.68 4.44307
1.69 4.40430
1.70 4.36550
1.71 4.32670
1.72 4.28788
1.73 4.24904
1.74 4.21020
1.75 4.17134
1.76 4.13246
1.77 4.09358
1.78 4.05468
1.79 4.01577
1.80 3.97685
1.81 3.93792
1.82 3.89898
1.83 3.86002
1.84 3.82105
1.85 3.78208
1.86 3.74309
1.87 3.70409
1.88 3.66508
1.89 3.62606
1.90 3.58703
1.91 3.54799
1.92 3.50894
1.93 3.46988
1.94 3.43081
1.95 3.39173
1.96 3.35264
1.97 3.31354
1.98 3.27444
1.99 3.23532
2.00 3.19620
2.01 3.15707
2.02 3.11793
2.03 3.07878
2.04 3.03962
2.05 3.00046
2.06 2.96128
2.07 2.92210
2.08 2.88291
2.09 2.84372
2.10 2.80451
2.11 2.76530
2.12 2.72608
2.13 2.68686
2.14 2.64762
2.15 2.60838
2.16 2.56914
2.17 2.52988
2.18 2.49062
2.19 2.45135
2.20 2.41208
2.21 2.37280
2.22 2.33351
2.23 2.29422
2.24 2.25492
2.25 2.21562
2.26 2.17630
2.27 2.13699
2.28 2.09766
2.29 2.05833
2.30 2.01900
2.31 1.97966
2.32 1.94031
2.33 1.90096
2.34 1.86160
2.35 1.82224
2.36 1.78287
2.37 1.74350
2.38 1.70412
2.39 1.66474
2.40 1.62535
2.41 1.58595
2.42 1.54656
2.43 1.50715
2.44 1.46774
2.45 1.42833
2.46 1.38891
2.47 1.34949
2.48 1.31006
2.49 1.27063
2.50 1.23120
2.51 1.19176
2.52 1.15231
2.53 1.11286
2.54 1.07341
2.55 1.03395
2.56 0.99449
2.57 0.95502
2.58 0.91555
2.59 0.87608
2.60 0.83660
2.61 0.79712
2.62 0.75763
2.63 0.71814
2.64 0.67865
2.65 0.63915
2.66 0.59965
2.67 0.56014
2.68 0.52063
2.69 0.48112
2.70 0.44161
2.71 0.40209
2.72 0.36256
2.73 0.32304
2.74 0.28351
2.75 0.24398
2.76 0.20444
2.77 0.16490
2.78 0.12536
2.79 0.08581
2.80 0.04626
2.81 0.00671
2.82 0.00000
2.83 0.00000
2.84 0.00000
2.85 0.00000
2.86 0.00000
2.87 0.00000
2.88 0.00000
2.89 0.00000
2.90 0.00000
2.91 0.00000
2.92 0.00000
2.93 0.00000
2.94 0.00000
2.95 0.00000
2.96 0.00000
2.97 0.00000
2.98 0.00000
2.99 0.00000
3.00 0.00000
3.01 0.00000
3.02 0.00000
3.03 0.00000
3.04 0.00000
3.05 0.00000
3.06 0.00000
3.07 0.00000
3.08 0.00000
3.09 0.00000
3.10 0.00000
3.11 0.00000
3.12 0.00000
3.13 0.00000
3.14 0.00000
3.15 0.00000
3.16 0.00000
3.17 0.00000
3.18 0.00000
3.19 0.00000
3.20 0.00000
3.21 0.00000
3.22 0.00000
3.23 0.00000
3.24 0.00000
3.25 0.00000
3.26 0.00000
3.27 0.00000
3.28 0.00000
3.29 0.00000
3.30 0.00000
3.31 0.00000
3.32 0.00000
3.33 0.00000
3.34 0.00000
3.35 0.00000
3.36 0.00000
3.37 0.00000
3.38 0.00000
3.39 0.00000
3.40 0.00000
3.41 0.00000
3.42 0.00000
3.43 0.00000
3.44 0.00000
3.45 0.00000
3.46 0.00000
3.47 0.00000
3.48 0.00000
3.49 0.00000
3.50 0.00000
3.51 0.00000
3.52 0.00000
3.53 0.00000
3.54 0.00000
3.55 0.00000
3.56 0.00000
3.57 0.00000
3.58 0.00000
3.59 0.00000
3.60 0.00000
3.61 0.00000
3.62 0.00000
3.63 0.00000
3.64 0.00000
3.65 0.00000
3.66 0.00000
3.67 0.00000
3.68 0.00000
3.69 0.00000
3.70 0.00000
3.71 0.00000
3.72 0.00000
3.73 0.00000
3.74 0.00000
3.75 0.00000
3.76 0.00000
3.77 0.00000
3.78 0.00000
3.79 0.00000
3.80 0.00000
3.81 0.00000
