0.00000 4.3100877468e-018
0.01000 4.4312478729e-006
0.02000 9.1120917049e-006
0.03000 1.4053794464e-005
0.04000 1.9268100858e-005
0.05000 2.4767257871e-005
0.06000 3.0564036195e-005
0.07000 3.6671752591e-005
0.08000 4.3104293215e-005
0.09000 4.9876137966e-005
0.10000 5.7002385886e-005
0.11000 6.4498781669e-005
0.12000 7.2381743329e-005
0.13000 8.0668391065e-005
0.14000 8.9376577395e-005
0.15000 9.8524918605e-005
0.16000 1.0813282757e-004
0.17000 1.1822054802e-004
0.18000 1.2880919028e-004
0.19000 1.3992076863e-004
0.20000 1.5157824027e-004
0.21000 1.6380554596e-004
0.22000 1.7662765254e-004
0.23000 1.9007059723e-004
0.24000 2.0416153394e-004
0.25000 2.1892878160e-004
0.26000 2.3440187460e-004
0.27000 2.5061161549e-004
0.28000 2.6759013002e-004
0.29000 2.8537092455e-004
0.30000 3.0398894604e-004
0.31000 3.2348064474e-004
0.32000 3.4388403955e-004
0.33000 3.6523878637e-004
0.34000 3.8758624945e-004
0.35000 4.1096957586e-004
0.36000 4.3543377339e-004
0.37000 4.6102579172e-004
0.38000 4.8779460741e-004
0.39000 5.1579131248e-004
0.40000 5.4506920706e-004
0.41000 5.7568389608e-004
0.42000 6.0769339033e-004
0.43000 6.4115821192e-004
0.44000 6.7614150456e-004
0.45000 7.1270914862e-004
0.46000 7.5092988145e-004
0.47000 7.9087542288e-004
0.48000 8.3262060649e-004
0.49000 8.7624351660e-004
0.50000 9.2182563142e-004
0.51000 9.6945197247e-004
0.52000 1.0192112608e-003
0.53000 1.0711960801e-003
0.54000 1.1255030469e-003
0.55000 1.1822329885e-003
0.56000 1.2414911287e-003
0.57000 1.3033872821e-003
0.58000 1.3680360564e-003
0.59000 1.4355570638e-003
0.60000 1.5060751426e-003
0.61000 1.5797205873e-003
0.62000 1.6566293894e-003
0.63000 1.7369434893e-003
0.64000 1.8208110384e-003
0.65000 1.9083866734e-003
0.66000 1.9998318020e-003
0.67000 2.0953149015e-003
0.68000 2.1950118304e-003
0.69000 2.2991061533e-003
0.70000 2.4077894801e-003
0.71000 2.5212618197e-003
0.72000 2.6397319491e-003
0.73000 2.7634177982e-003
0.74000 2.8925468511e-003
0.75000 3.0273565644e-003
0.76000 3.1680948039e-003
0.77000 3.3150202982e-003
0.78000 3.4684031134e-003
0.79000 3.6285251460e-003
0.80000 3.7956806367e-003
0.81000 3.9701767064e-003
0.82000 4.1523339125e-003
0.83000 4.3424868294e-003
0.84000 4.5409846514e-003
0.85000 4.7481918207e-003
0.86000 4.9644886795e-003
0.87000 5.1902721486e-003
0.88000 5.4259564318e-003
0.89000 5.6719737482e-003
0.90000 5.9287750913e-003
0.91000 6.1968310186e-003
0.92000 6.4766324684e-003
0.93000 6.7686916082e-003
0.94000 7.0735427128e-003
0.95000 7.3917430743e-003
0.96000 7.7238739425e-003
0.97000 8.0705414994e-003
0.98000 8.4323778642e-003
0.99000 8.8100421326e-003
1.00000 9.2042214480e-003
1.01000 9.6156321068e-003
1.02000 1.0045020696e-002
1.03000 1.0493165265e-002
1.04000 1.0960876526e-002
1.05000 1.1448999091e-002
1.06000 1.1958412742e-002
1.07000 1.2490033718e-002
1.08000 1.3044816052e-002
1.09000 1.3623752916e-002
1.10000 1.4227878002e-002
1.11000 1.4858266927e-002
1.12000 1.5516038654e-002
1.13000 1.6202356935e-002
1.14000 1.6918431764e-002
1.15000 1.7665520849e-002
1.16000 1.8444931082e-002
1.17000 1.9258020015e-002
1.18000 2.0106197330e-002
1.19000 2.0990926297e-002
1.20000 2.1913725223e-002
1.21000 2.2876168859e-002
1.22000 2.3879889792e-002
1.23000 2.4926579779e-002
1.24000 2.6017991033e-002
1.25000 2.7155937443e-002
1.26000 2.8342295717e-002
1.27000 2.9579006427e-002
1.28000 3.0868074955e-002
1.29000 3.2211572312e-002
1.30000 3.3611635817e-002
1.31000 3.5070469618e-002
1.32000 3.6590345033e-002
1.33000 3.8173600691e-002
1.34000 3.9822642453e-002
1.35000 4.1539943076e-002
1.36000 4.3328041619e-002
1.37000 4.5189542535e-002
1.38000 4.7127114442e-002
1.39000 4.9143488537e-002
1.40000 5.1241456618e-002
1.41000 5.3423868690e-002
1.42000 5.5693630115e-002
1.43000 5.8053698282e-002
1.44000 6.0507078748e-002
1.45000 6.3056820843e-002
1.46000 6.5706012671e-002
1.47000 6.8457775500e-002
1.48000 7.1315257507e-002
1.49000 7.4281626828e-002
1.50000 7.7360063906e-002
1.51000 8.0553753101e-002
1.52000 8.3865873539e-002
1.53000 8.7299589183e-002
1.54000 9.0858038107e-002
1.55000 9.4544320974e-002
1.56000 9.8361488702e-002
1.57000 1.0231252933e-001
1.58000 1.0640035408e-001
1.59000 1.1062778270e-001
1.60000 1.1499752797e-001
1.61000 1.1951217964e-001
1.62000 1.2417418758e-001
1.63000 1.2898584446e-001
1.64000 1.3394926784e-001
1.65000 1.3906638191e-001
1.66000 1.4433889887e-001
1.67000 1.4976830011e-001
1.68000 1.5535581732e-001
1.69000 1.6110241373e-001
1.70000 1.6700876548e-001
1.71000 1.7307524344e-001
1.72000 1.7930189565e-001
1.73000 1.8568843041e-001
1.74000 1.9223420041e-001
1.75000 1.9893818805e-001
1.76000 2.0579899196e-001
1.77000 2.1281481532e-001
1.78000 2.1998345574e-001
1.79000 2.2730229723e-001
1.80000 2.3476830429e-001
1.81000 2.4237801830e-001
1.82000 2.5012755645e-001
1.83000 2.5801261324e-001
1.84000 2.6602846474e-001
1.85000 2.7416997572e-001
1.86000 2.8243160956e-001
1.87000 2.9080744121e-001
1.88000 2.9929117293e-001
1.89000 3.0787615300e-001
1.90000 3.1655539712e-001
1.91000 3.2532161252e-001
1.92000 3.3416722462e-001
1.93000 3.4308440591e-001
1.94000 3.5206510705e-001
1.95000 3.6110108973e-001
1.96000 3.7018396111e-001
1.97000 3.7930520956e-001
1.98000 3.8845624130e-001
1.99000 3.9762841768e-001
2.00000 4.0681309267e-001
2.01000 4.1600165027e-001
2.02000 4.2518554153e-001
2.03000 4.3435632073e-001
2.04000 4.4350568046e-001
2.05000 4.5262548535e-001
2.06000 4.6170780405e-001
2.07000 4.7074493925e-001
2.08000 4.7972945557e-001
2.09000 4.8865420502e-001
2.10000 4.9751234993e-001
2.11000 5.0629738326e-001
2.12000 5.1500314609e-001
2.13000 5.2362384231e-001
2.14000 5.3215405057e-001
2.15000 5.4058873330e-001
2.16000 5.4892324301e-001
2.17000 5.5715332596e-001
2.18000 5.6527512315e-001
2.19000 5.7328516891e-001
2.20000 5.8118038715e-001
2.21000 5.8895808549e-001
2.22000 5.9661594737e-001
2.23000 6.0415202236e-001
2.24000 6.1156471496e-001
2.25000 6.1885277186e-001
2.26000 6.2601526809e-001
2.27000 6.3305159211e-001
2.28000 6.3996143003e-001
2.29000 6.4674474927e-001
2.30000 6.5340178163e-001
2.31000 6.5993300615e-001
2.32000 6.6633913171e-001
2.33000 6.7262107967e-001
2.34000 6.7877996659e-001
2.35000 6.8481708714e-001
2.36000 6.9073389743e-001
2.37000 6.9653199860e-001
2.38000 7.0221312107e-001
2.39000 7.0777910917e-001
2.40000 7.1323190656e-001
2.41000 7.1857354216e-001
2.42000 7.2380611684e-001
2.43000 7.2893179081e-001
2.44000 7.3395277176e-001
2.45000 7.3887130369e-001
2.46000 7.4368965657e-001
2.47000 7.4841011660e-001
2.48000 7.5303497735e-001
2.49000 7.5756653150e-001
2.50000 7.6200706335e-001
2.51000 7.6635884196e-001
2.52000 7.7062411494e-001
2.53000 7.7480510292e-001
2.54000 7.7890399451e-001
2.55000 7.8292294198e-001
2.56000 7.8686405730e-001
2.57000 7.9072940885e-001
2.58000 7.9452101848e-001
2.59000 7.9824085910e-001
2.60000 8.0189085268e-001
2.61000 8.0547286854e-001
2.62000 8.0898872215e-001
2.63000 8.1244017414e-001
2.64000 8.1582892969e-001
2.65000 8.1915663811e-001
2.66000 8.2242489280e-001
2.67000 8.2563523132e-001
2.68000 8.2878913576e-001
2.69000 8.3188803320e-001
2.70000 8.3493329646e-001
2.71000 8.3792624488e-001
2.72000 8.4086814532e-001
2.73000 8.4376021321e-001
2.74000 8.4660361376e-001
2.75000 8.4939946322e-001
2.76000 8.5214883017e-001
2.77000 8.5485273701e-001
2.78000 8.5751216134e-001
2.79000 8.6012803746e-001
2.80000 8.6270125792e-001
2.81000 8.6523267505e-001
2.82000 8.6772310247e-001
2.83000 8.7017331672e-001
2.84000 8.7258405880e-001
2.85000 8.7495603570e-001
2.86000 8.7728992197e-001
2.87000 8.7958636125e-001
2.88000 8.8184596777e-001
2.89000 8.8406932788e-001
2.90000 8.8625700143e-001
2.91000 8.8840952327e-001
2.92000 8.9052740464e-001
2.93000 8.9261113453e-001
2.94000 8.9466118095e-001
2.95000 8.9667799234e-001
2.96000 8.9866199874e-001
2.97000 9.0061361298e-001
2.98000 9.0253323195e-001
2.99000 9.0442123765e-001
3.00000 9.0627799828e-001
3.01000 9.0810386933e-001
3.02000 9.0989919458e-001
3.03000 9.1166430699e-001
3.04000 9.1339952972e-001
3.05000 9.1510517693e-001
3.06000 9.1678155466e-001
3.07000 9.1842896160e-001
3.08000 9.2004768986e-001
3.09000 9.2163802567e-001
3.10000 9.2320025006e-001
3.11000 9.2473463952e-001
3.12000 9.2624146655e-001
3.13000 9.2772100026e-001
3.14000 9.2917350689e-001
3.15000 9.3059925029e-001
3.16000 9.3199849238e-001
3.17000 9.3337149358e-001
3.18000 9.3471851320e-001
3.19000 9.3603980980e-001
3.20000 9.3733564151e-001
3.21000 9.3860626633e-001
3.22000 9.3985194246e-001
3.23000 9.4107292845e-001
3.24000 9.4226948349e-001
3.25000 9.4344186760e-001
3.26000 9.4459034178e-001
3.27000 9.4571516816e-001
3.28000 9.4681661015e-001
3.29000 9.4789493255e-001
3.30000 9.4895040159e-001
3.31000 9.4998328506e-001
3.32000 9.5099385231e-001
3.33000 9.5198237433e-001
3.34000 9.5294912374e-001
3.35000 9.5389437479e-001
3.36000 9.5481840339e-001
3.37000 9.5572148702e-001
3.38000 9.5660390477e-001
3.39000 9.5746593723e-001
3.40000 9.5830786648e-001
3.41000 9.5912997601e-001
3.42000 9.5993255061e-001
3.43000 9.6071587634e-001
3.44000 9.6148024041e-001
3.45000 9.6222593108e-001
3.46000 9.6295323755e-001
3.47000 9.6366244990e-001
3.48000 9.6435385891e-001
3.49000 9.6502775599e-001
3.50000 9.6568443300e-001
3.51000 9.6632418219e-001
3.52000 9.6694729606e-001
3.53000 9.6755406720e-001
3.54000 9.6814478815e-001
3.55000 9.6871975132e-001
3.56000 9.6927924882e-001
3.57000 9.6982357234e-001
3.58000 9.7035301299e-001
3.59000 9.7086786119e-001
3.60000 9.7136840656e-001
3.61000 9.7185493773e-001
3.62000 9.7232774227e-001
3.63000 9.7278710651e-001
3.64000 9.7323331544e-001
3.65000 9.7366665260e-001
3.66000 9.7408739992e-001
3.67000 9.7449583765e-001
3.68000 9.7489224418e-001
3.69000 9.7527689598e-001
3.70000 9.7565006747e-001
3.71000 9.7601203090e-001
3.72000 9.7636305627e-001
3.73000 9.7670341121e-001
3.74000 9.7703336090e-001
3.75000 9.7735316795e-001
3.76000 9.7766309234e-001
3.77000 9.7796339131e-001
3.78000 9.7825431929e-001
3.79000 9.7853612782e-001
3.80000 9.7880906546e-001
3.81000 9.7907337776e-001
3.82000 9.7932930714e-001
3.83000 9.7957709286e-001
3.84000 9.7981697094e-001
3.85000 9.8004917413e-001
3.86000 9.8027393184e-001
3.87000 9.8049147010e-001
3.88000 9.8070201149e-001
3.89000 9.8090577513e-001
3.90000 9.8110297665e-001
3.91000 9.8129382811e-001
3.92000 9.8147853801e-001
3.93000 9.8165731126e-001
3.94000 9.8183034913e-001
3.95000 9.8199784926e-001
3.96000 9.8216000562e-001
3.97000 9.8231700851e-001
3.98000 9.8246904456e-001
3.99000 9.8261629669e-001
4.00000 9.8275894411e-001
4.01000 9.8289716237e-001
4.02000 9.8303112330e-001
4.03000 9.8316099502e-001
4.04000 9.8328694199e-001
4.05000 9.8340912498e-001
4.06000 9.8352770107e-001
4.07000 9.8364282371e-001
4.08000 9.8375464270e-001
4.09000 9.8386330421e-001
4.10000 9.8396895083e-001
4.11000 9.8407172153e-001
4.12000 9.8417175177e-001
4.13000 9.8426917342e-001
4.14000 9.8436411490e-001
4.15000 9.8445670112e-001
4.16000 9.8454705355e-001
4.17000 9.8463529026e-001
4.18000 9.8472152592e-001
4.19000 9.8480587188e-001
4.20000 9.8488843613e-001
4.21000 9.8496932345e-001
4.22000 9.8504863535e-001
4.23000 9.8512647014e-001
4.24000 9.8520292300e-001
4.25000 9.8527808597e-001
4.26000 9.8535204805e-001
4.27000 9.8542489520e-001
4.28000 9.8549671036e-001
4.29000 9.8556757359e-001
4.30000 9.8563756201e-001
4.31000 9.8570674992e-001
4.32000 9.8577520881e-001
4.33000 9.8584300739e-001
4.34000 9.8591021170e-001
4.35000 9.8597688510e-001
4.36000 9.8604308832e-001
4.37000 9.8610887955e-001
4.38000 9.8617431444e-001
4.39000 9.8623944619e-001
4.40000 9.8630432557e-001
4.41000 9.8636900098e-001
4.42000 9.8643351849e-001
4.43000 9.8649792191e-001
4.44000 9.8656225279e-001
4.45000 9.8662655054e-001
4.46000 9.8669085242e-001
4.47000 9.8675519362e-001
4.48000 9.8681960728e-001
4.49000 9.8688412456e-001
4.50000 9.8694877470e-001
4.51000 9.8701358502e-001
4.52000 9.8707858103e-001
4.53000 9.8714378642e-001
4.54000 9.8720922314e-001
4.55000 9.8727491144e-001
4.56000 9.8734086991e-001
4.57000 9.8740711552e-001
4.58000 9.8747366369e-001
4.59000 9.8754052831e-001
4.60000 9.8760772180e-001
4.61000 9.8767525513e-001
4.62000 9.8774313791e-001
4.63000 9.8781137837e-001
4.64000 9.8787998346e-001
4.65000 9.8794895887e-001
4.66000 9.8801830905e-001
4.67000 9.8808803728e-001
4.68000 9.8815814572e-001
4.69000 9.8822863541e-001
4.70000 9.8829950632e-001
4.71000 9.8837075744e-001
4.72000 9.8844238673e-001
4.73000 9.8851439125e-001
4.74000 9.8858676711e-001
4.75000 9.8865950959e-001
4.76000 9.8873261311e-001
4.77000 9.8880607130e-001
4.78000 9.8887987701e-001
4.79000 9.8895402239e-001
4.80000 9.8902849885e-001
4.81000 9.8910329718e-001
4.82000 9.8917840752e-001
4.83000 9.8925381941e-001
4.84000 9.8932952181e-001
4.85000 9.8940550316e-001
4.86000 9.8948175139e-001
4.87000 9.8955825395e-001
4.88000 9.8963499783e-001
4.89000 9.8971196960e-001
4.90000 9.8978915546e-001
4.91000 9.8986654121e-001
4.92000 9.8994411233e-001
4.93000 9.9002185399e-001
4.94000 9.9009975104e-001
4.95000 9.9017778809e-001
4.96000 9.9025594951e-001
4.97000 9.9033421944e-001
4.98000 9.9041258183e-001
4.99000 9.9049102046e-001
5.00000 9.9056951895e-001
5.01000 9.9064806081e-001
5.02000 9.9072662941e-001
5.03000 9.9080520805e-001
5.04000 9.9088377997e-001
5.05000 9.9096232833e-001
5.06000 9.9104083629e-001
5.07000 9.9111928696e-001
5.08000 9.9119766348e-001
5.09000 9.9127594899e-001
5.10000 9.9135412668e-001
5.11000 9.9143217979e-001
5.12000 9.9151009161e-001
5.13000 9.9158784552e-001
5.14000 9.9166542499e-001
5.15000 9.9174281362e-001
5.16000 9.9181999509e-001
5.17000 9.9189695326e-001
5.18000 9.9197367211e-001
5.19000 9.9205013576e-001
5.20000 9.9212632855e-001
5.21000 9.9220223495e-001
5.22000 9.9227783965e-001
5.23000 9.9235312753e-001
5.24000 9.9242808368e-001
5.25000 9.9250269341e-001
5.26000 9.9257694226e-001
5.27000 9.9265081599e-001
5.28000 9.9272430062e-001
5.29000 9.9279738242e-001
5.30000 9.9287004791e-001
5.31000 9.9294228387e-001
5.32000 9.9301407737e-001
5.33000 9.9308541573e-001
5.34000 9.9315628658e-001
5.35000 9.9322667782e-001
5.36000 9.9329657763e-001
5.37000 9.9336597451e-001
5.38000 9.9343485724e-001
5.39000 9.9350321493e-001
5.40000 9.9357103696e-001
5.41000 9.9363831305e-001
5.42000 9.9370503322e-001
5.43000 9.9377118781e-001
5.44000 9.9383676748e-001
5.45000 9.9390176319e-001
5.46000 9.9396616626e-001
5.47000 9.9402996829e-001
5.48000 9.9409316123e-001
5.49000 9.9415573734e-001
5.50000 9.9421768922e-001
5.51000 9.9427900977e-001
5.52000 9.9433969226e-001
5.53000 9.9439973023e-001
5.54000 9.9445911758e-001
5.55000 9.9451784852e-001
5.56000 9.9457591760e-001
5.57000 9.9463331966e-001
5.58000 9.9469004989e-001
5.59000 9.9474610379e-001
5.60000 9.9480147717e-001
5.61000 9.9485616617e-001
5.62000 9.9491016722e-001
5.63000 9.9496347709e-001
5.64000 9.9501609284e-001
5.65000 9.9506801184e-001
5.66000 9.9511923176e-001
5.67000 9.9516975059e-001
5.68000 9.9521956660e-001
5.69000 9.9526867834e-001
5.70000 9.9531708469e-001
5.71000 9.9536478479e-001
5.72000 9.9541177808e-001
5.73000 9.9545806426e-001
5.74000 9.9550364332e-001
5.75000 9.9554851553e-001
5.76000 9.9559268143e-001
5.77000 9.9563614181e-001
5.78000 9.9567889773e-001
5.79000 9.9572095051e-001
5.80000 9.9576230171e-001
5.81000 9.9580295316e-001
5.82000 9.9584290692e-001
5.83000 9.9588216528e-001
5.84000 9.9592073080e-001
5.85000 9.9595860622e-001
5.86000 9.9599579455e-001
5.87000 9.9603229899e-001
5.88000 9.9606812298e-001
5.89000 9.9610327016e-001
5.90000 9.9613774437e-001
5.91000 9.9617154966e-001
5.92000 9.9620469028e-001
5.93000 9.9623717066e-001
5.94000 9.9626899544e-001
5.95000 9.9630016941e-001
5.96000 9.9633069756e-001
5.97000 9.9636058505e-001
5.98000 9.9638983719e-001
5.99000 9.9641845947e-001
6.00000 9.9644645753e-001
6.01000 9.9647383716e-001
6.02000 9.9650060431e-001
6.03000 9.9652676505e-001
6.04000 9.9655232560e-001
6.05000 9.9657729232e-001
6.06000 9.9660167168e-001
6.07000 9.9662547028e-001
6.08000 9.9664869484e-001
6.09000 9.9667135219e-001
6.10000 9.9669344927e-001
6.11000 9.9671499310e-001
6.12000 9.9673599085e-001
6.13000 9.9675644974e-001
6.14000 9.9677637707e-001
6.15000 9.9679578027e-001
6.16000 9.9681466681e-001
6.17000 9.9683304424e-001
6.18000 9.9685092020e-001
6.19000 9.9686830238e-001
6.20000 9.9688519853e-001
6.21000 9.9690161647e-001
6.22000 9.9691756405e-001
6.23000 9.9693304917e-001
6.24000 9.9694807981e-001
6.25000 9.9696266396e-001
6.26000 9.9697680963e-001
6.27000 9.9699052490e-001
6.28000 9.9700381783e-001
6.29000 9.9701669656e-001
6.30000 9.9702916920e-001
6.31000 9.9704124390e-001
6.32000 9.9705292882e-001
6.33000 9.9706423211e-001
6.34000 9.9707516195e-001
6.35000 9.9708572651e-001
6.36000 9.9709593395e-001
6.37000 9.9710579242e-001
6.38000 9.9711531007e-001
6.39000 9.9712449505e-001
6.40000 9.9713335546e-001
6.41000 9.9714189941e-001
6.42000 9.9715013497e-001
6.43000 9.9715807018e-001
6.44000 9.9716571308e-001
6.45000 9.9717307163e-001
6.46000 9.9718015380e-001
6.47000 9.9718696750e-001
6.48000 9.9719352060e-001
6.49000 9.9719982093e-001
6.50000 9.9720587628e-001
6.51000 9.9721169437e-001
6.52000 9.9721728289e-001
6.53000 9.9722264948e-001
6.54000 9.9722780170e-001
6.55000 9.9723274708e-001
6.56000 9.9723749306e-001
6.57000 9.9724204703e-001
6.58000 9.9724641633e-001
6.59000 9.9725060822e-001
6.60000 9.9725462989e-001
6.61000 9.9725848846e-001
6.62000 9.9726219098e-001
6.63000 9.9726574443e-001
6.64000 9.9726915570e-001
6.65000 9.9727243162e-001
6.66000 9.9727557893e-001
6.67000 9.9727860429e-001
6.68000 9.9728151427e-001
6.69000 9.9728431539e-001
6.70000 9.9728701404e-001
6.71000 9.9728961656e-001
6.72000 9.9729212918e-001
6.73000 9.9729455805e-001
6.74000 9.9729690924e-001
6.75000 9.9729918870e-001
6.76000 9.9730140234e-001
6.77000 9.9730355591e-001
6.78000 9.9730565512e-001
6.79000 9.9730770558e-001
6.80000 9.9730971278e-001
6.81000 9.9731168213e-001
6.82000 9.9731361894e-001
6.83000 9.9731552844e-001
6.84000 9.9731741572e-001
6.85000 9.9731928584e-001
6.86000 9.9732114369e-001
6.87000 9.9732299411e-001
6.88000 9.9732484181e-001
6.89000 9.9732669144e-001
6.90000 9.9732854751e-001
6.91000 9.9733041445e-001
6.92000 9.9733229659e-001
6.93000 9.9733419816e-001
6.94000 9.9733612328e-001
6.95000 9.9733807598e-001
6.96000 9.9734006019e-001
6.97000 9.9734207974e-001
6.98000 9.9734413836e-001
6.99000 9.9734623967e-001
7.00000 9.9734838721e-001
7.01000 9.9735058441e-001
7.02000 9.9735283459e-001
7.03000 9.9735514100e-001
7.04000 9.9735750676e-001
7.05000 9.9735993491e-001
7.06000 9.9736242840e-001
7.07000 9.9736499007e-001
7.08000 9.9736762265e-001
7.09000 9.9737032882e-001
7.10000 9.9737311111e-001
7.11000 9.9737597198e-001
7.12000 9.9737891382e-001
7.13000 9.9738193888e-001
7.14000 9.9738504935e-001
7.15000 9.9738824731e-001
7.16000 9.9739153476e-001
7.17000 9.9739491360e-001
7.18000 9.9739838565e-001
7.19000 9.9740195263e-001
7.20000 9.9740561618e-001
7.21000 9.9740937784e-001
7.22000 9.9741323909e-001
7.23000 9.9741720129e-001
7.24000 9.9742126573e-001
7.25000 9.9742543363e-001
7.26000 9.9742970611e-001
7.27000 9.9743408419e-001
7.28000 9.9743856886e-001
7.29000 9.9744316097e-001
7.30000 9.9744786135e-001
7.31000 9.9745267071e-001
7.32000 9.9745758967e-001
7.33000 9.9746261884e-001
7.34000 9.9746775868e-001
7.35000 9.9747300962e-001
7.36000 9.9747837200e-001
7.37000 9.9748384610e-001
7.38000 9.9748943212e-001
7.39000 9.9749513019e-001
7.40000 9.9750094038e-001
7.41000 9.9750686268e-001
7.42000 9.9751289701e-001
7.43000 9.9751904326e-001
7.44000 9.9752530120e-001
7.45000 9.9753167059e-001
7.46000 9.9753815109e-001
7.47000 9.9754474233e-001
7.48000 9.9755144385e-001
7.49000 9.9755825515e-001
7.50000 9.9756517567e-001
7.51000 9.9757220480e-001
7.52000 9.9757934185e-001
7.53000 9.9758658612e-001
7.54000 9.9759393681e-001
7.55000 9.9760139311e-001
7.56000 9.9760895412e-001
7.57000 9.9761661892e-001
7.58000 9.9762438655e-001
7.59000 9.9763225596e-001
7.60000 9.9764022611e-001
7.61000 9.9764829587e-001
7.62000 9.9765646408e-001
7.63000 9.9766472956e-001
7.64000 9.9767309107e-001
7.65000 9.9768154732e-001
7.66000 9.9769009701e-001
7.67000 9.9769873877e-001
7.68000 9.9770747123e-001
7.69000 9.9771629296e-001
7.70000 9.9772520250e-001
7.71000 9.9773419837e-001
7.72000 9.9774327903e-001
7.73000 9.9775244295e-001
7.74000 9.9776168853e-001
7.75000 9.9777101418e-001
7.76000 9.9778041826e-001
7.77000 9.9778989910e-001
7.78000 9.9779945503e-001
7.79000 9.9780908432e-001
7.80000 9.9781878526e-001
7.81000 9.9782855608e-001
7.82000 9.9783839500e-001
7.83000 9.9784830026e-001
7.84000 9.9785827001e-001
7.85000 9.9786830245e-001
7.86000 9.9787839571e-001
7.87000 9.9788854795e-001
7.88000 9.9789875729e-001
7.89000 9.9790902184e-001
7.90000 9.9791933970e-001
7.91000 9.9792970895e-001
7.92000 9.9794012769e-001
7.93000 9.9795059396e-001
7.94000 9.9796110584e-001
7.95000 9.9797166138e-001
7.96000 9.9798225863e-001
7.97000 9.9799289562e-001
7.98000 9.9800357039e-001
7.99000 9.9801428097e-001
8.00000 9.9802502539e-001
8.01000 9.9803580168e-001
8.02000 9.9804660785e-001
8.03000 9.9805744195e-001
8.04000 9.9806830198e-001
8.05000 9.9807918598e-001
8.06000 9.9809009198e-001
8.07000 9.9810101800e-001
8.08000 9.9811196208e-001
8.09000 9.9812292224e-001
8.10000 9.9813389656e-001
8.11000 9.9814488305e-001
8.12000 9.9815587979e-001
8.13000 9.9816688483e-001
8.14000 9.9817789624e-001
8.15000 9.9818891210e-001
8.16000 9.9819993051e-001
8.17000 9.9821094954e-001
8.18000 9.9822196732e-001
8.19000 9.9823298195e-001
8.20000 9.9824399157e-001
8.21000 9.9825499432e-001
8.22000 9.9826598837e-001
8.23000 9.9827697185e-001
8.24000 9.9828794298e-001
8.25000 9.9829889994e-001
8.26000 9.9830984094e-001
8.27000 9.9832076421e-001
8.28000 9.9833166799e-001
8.29000 9.9834255054e-001
8.30000 9.9835341014e-001
8.31000 9.9836424508e-001
8.32000 9.9837505367e-001
8.33000 9.9838583424e-001
8.34000 9.9839658514e-001
8.35000 9.9840730474e-001
8.36000 9.9841799142e-001
8.37000 9.9842864359e-001
8.38000 9.9843925968e-001
8.39000 9.9844983814e-001
8.40000 9.9846037743e-001
8.41000 9.9847087604e-001
8.42000 9.9848133249e-001
8.43000 9.9849174531e-001
8.44000 9.9850211306e-001
8.45000 9.9851243430e-001
8.46000 9.9852270766e-001
8.47000 9.9853293174e-001
8.48000 9.9854310520e-001
8.49000 9.9855322670e-001
8.50000 9.9856329496e-001
8.51000 9.9857330866e-001
8.52000 9.9858326658e-001
8.53000 9.9859316747e-001
8.54000 9.9860301012e-001
8.55000 9.9861279335e-001
8.56000 9.9862251600e-001
8.57000 9.9863217695e-001
8.58000 9.9864177507e-001
8.59000 9.9865130929e-001
8.60000 9.9866077854e-001
8.61000 9.9867018181e-001
8.62000 9.9867951807e-001
8.63000 9.9868878636e-001
8.64000 9.9869798571e-001
8.65000 9.9870711519e-001
8.66000 9.9871617391e-001
8.67000 9.9872516098e-001
8.68000 9.9873407555e-001
8.69000 9.9874291679e-001
8.70000 9.9875168392e-001
8.71000 9.9876037614e-001
8.72000 9.9876899273e-001
8.73000 9.9877753294e-001
8.74000 9.9878599608e-001
8.75000 9.9879438150e-001
8.76000 9.9880268853e-001
8.77000 9.9881091658e-001
8.78000 9.9881906503e-001
8.79000 9.9882713332e-001
8.80000 9.9883512092e-001
8.81000 9.9884302730e-001
8.82000 9.9885085198e-001
8.83000 9.9885859448e-001
8.84000 9.9886625438e-001
8.85000 9.9887383125e-001
8.86000 9.9888132471e-001
8.87000 9.9888873439e-001
8.88000 9.9889605995e-001
8.89000 9.9890330108e-001
8.90000 9.9891045747e-001
8.91000 9.9891752888e-001
8.92000 9.9892451505e-001
8.93000 9.9893141577e-001
8.94000 9.9893823084e-001
8.95000 9.9894496009e-001
8.96000 9.9895160337e-001
8.97000 9.9895816056e-001
8.98000 9.9896463155e-001
8.99000 9.9897101628e-001
9.00000 9.9897731468e-001
9.01000 9.9898352672e-001
9.02000 9.9898965239e-001
9.03000 9.9899569170e-001
9.04000 9.9900164468e-001
9.05000 9.9900751139e-001
9.06000 9.9901329191e-001
9.07000 9.9901898633e-001
9.08000 9.9902459476e-001
9.09000 9.9903011736e-001
9.10000 9.9903555427e-001
9.11000 9.9904090568e-001
9.12000 9.9904617179e-001
9.13000 9.9905135281e-001
9.14000 9.9905644899e-001
9.15000 9.9906146057e-001
9.16000 9.9906638784e-001
9.17000 9.9907123111e-001
9.18000 9.9907599066e-001
9.19000 9.9908066684e-001
9.20000 9.9908526000e-001
9.21000 9.9908977050e-001
9.22000 9.9909419873e-001
9.23000 9.9909854509e-001
9.24000 9.9910280999e-001
9.25000 9.9910699388e-001
9.26000 9.9911109719e-001
9.27000 9.9911512040e-001
9.28000 9.9911906399e-001
9.29000 9.9912292845e-001
9.30000 9.9912671429e-001
9.31000 9.9913042205e-001
9.32000 9.9913405226e-001
9.33000 9.9913760547e-001
9.34000 9.9914108226e-001
9.35000 9.9914448320e-001
9.36000 9.9914780889e-001
9.37000 9.9915105995e-001
9.38000 9.9915423697e-001
9.39000 9.9915734061e-001
9.40000 9.9916037151e-001
9.41000 9.9916333031e-001
9.42000 9.9916621769e-001
9.43000 9.9916903433e-001
9.44000 9.9917178090e-001
9.45000 9.9917445812e-001
9.46000 9.9917706670e-001
9.47000 9.9917960735e-001
9.48000 9.9918208079e-001
9.49000 9.9918448778e-001
9.50000 9.9918682905e-001
9.51000 9.9918910536e-001
9.52000 9.9919131747e-001
9.53000 9.9919346616e-001
9.54000 9.9919555221e-001
9.55000 9.9919757640e-001
9.56000 9.9919953952e-001
9.57000 9.9920144238e-001
9.58000 9.9920328578e-001
9.59000 9.9920507055e-001
9.60000 9.9920679749e-001
9.61000 9.9920846744e-001
9.62000 9.9921008122e-001
9.63000 9.9921163967e-001
9.64000 9.9921314363e-001
9.65000 9.9921459395e-001
9.66000 9.9921599147e-001
9.67000 9.9921733705e-001
9.68000 9.9921863155e-001
9.69000 9.9921987583e-001
9.70000 9.9922107074e-001
9.71000 9.9922221717e-001
9.72000 9.9922331598e-001
9.73000 9.9922436803e-001
9.74000 9.9922537421e-001
9.75000 9.9922633538e-001
9.76000 9.9922725244e-001
9.77000 9.9922812625e-001
9.78000 9.9922895770e-001
9.79000 9.9922974767e-001
9.80000 9.9923049704e-001
9.81000 9.9923120669e-001
9.82000 9.9923187750e-001
9.83000 9.9923251036e-001
9.84000 9.9923310614e-001
9.85000 9.9923366573e-001
9.86000 9.9923419001e-001
9.87000 9.9923467986e-001
9.88000 9.9923513615e-001
9.89000 9.9923555977e-001
9.90000 9.9923595158e-001
9.91000 9.9923631247e-001
9.92000 9.9923664329e-001
9.93000 9.9923694492e-001
9.94000 9.9923721822e-001
9.95000 9.9923746407e-001
9.96000 9.9923768332e-001
9.97000 9.9923787681e-001
9.98000 9.9923804542e-001
9.99000 9.9923818999e-001
10.00000 9.9923831136e-001
10.01000 9.9923841038e-001
10.02000 9.9923848788e-001
10.03000 9.9923854471e-001
10.04000 9.9923858169e-001
10.05000 9.9923859964e-001
10.06000 9.9923859939e-001
10.07000 9.9923858175e-001
10.08000 9.9923854753e-001
10.09000 9.9923849753e-001
10.10000 9.9923843256e-001
10.11000 9.9923835341e-001
10.12000 9.9923826087e-001
10.13000 9.9923815572e-001
10.14000 9.9923803873e-001
10.15000 9.9923791068e-001
10.16000 9.9923777233e-001
10.17000 9.9923762444e-001
10.18000 9.9923746775e-001
10.19000 9.9923730302e-001
10.20000 9.9923713097e-001
10.21000 9.9923695234e-001
10.22000 9.9923676786e-001
10.23000 9.9923657823e-001
10.24000 9.9923638416e-001
10.25000 9.9923618637e-001
10.26000 9.9923598554e-001
10.27000 9.9923578235e-001
10.28000 9.9923557749e-001
10.29000 9.9923537162e-001
10.30000 9.9923516541e-001
10.31000 9.9923495952e-001
10.32000 9.9923475458e-001
10.33000 9.9923455124e-001
10.34000 9.9923435013e-001
10.35000 9.9923415187e-001
10.36000 9.9923395707e-001
10.37000 9.9923376634e-001
10.38000 9.9923358027e-001
10.39000 9.9923339945e-001
10.40000 9.9923322446e-001
10.41000 9.9923305587e-001
10.42000 9.9923289425e-001
10.43000 9.9923274014e-001
10.44000 9.9923259408e-001
10.45000 9.9923245662e-001
10.46000 9.9923232827e-001
10.47000 9.9923220957e-001
10.48000 9.9923210100e-001
10.49000 9.9923200307e-001
10.50000 9.9923191627e-001
10.51000 9.9923184109e-001
10.52000 9.9923177798e-001
10.53000 9.9923172742e-001
10.54000 9.9923168985e-001
10.55000 9.9923166572e-001
10.56000 9.9923165546e-001
10.57000 9.9923165950e-001
10.58000 9.9923167825e-001
10.59000 9.9923171212e-001
10.60000 9.9923176151e-001
10.61000 9.9923182679e-001
10.62000 9.9923190836e-001
10.63000 9.9923200657e-001
10.64000 9.9923212179e-001
10.65000 9.9923225436e-001
10.66000 9.9923240463e-001
10.67000 9.9923257294e-001
10.68000 9.9923275959e-001
10.69000 9.9923296490e-001
10.70000 9.9923318918e-001
10.71000 9.9923343271e-001
10.72000 9.9923369579e-001
10.73000 9.9923397869e-001
10.74000 9.9923428168e-001
10.75000 9.9923460501e-001
10.76000 9.9923494893e-001
10.77000 9.9923531368e-001
10.78000 9.9923569948e-001
10.79000 9.9923610657e-001
10.80000 9.9923653515e-001
10.81000 9.9923698542e-001
10.82000 9.9923745757e-001
10.83000 9.9923795181e-001
10.84000 9.9923846829e-001
10.85000 9.9923900718e-001
10.86000 9.9923956865e-001
10.87000 9.9924015283e-001
10.88000 9.9924075989e-001
10.89000 9.9924138993e-001
10.90000 9.9924204310e-001
10.91000 9.9924271951e-001
10.92000 9.9924341926e-001
10.93000 9.9924414244e-001
10.94000 9.9924488916e-001
10.95000 9.9924565949e-001
10.96000 9.9924645350e-001
10.97000 9.9924727127e-001
10.98000 9.9924811284e-001
10.99000 9.9924897828e-001
11.00000 9.9924986761e-001
11.01000 9.9925078088e-001
11.02000 9.9925171810e-001
11.03000 9.9925267931e-001
11.04000 9.9925366450e-001
11.05000 9.9925467368e-001
11.06000 9.9925570685e-001
11.07000 9.9925676399e-001
11.08000 9.9925784509e-001
11.09000 9.9925895011e-001
11.10000 9.9926007903e-001
11.11000 9.9926123180e-001
11.12000 9.9926240837e-001
11.13000 9.9926360870e-001
11.14000 9.9926483271e-001
11.15000 9.9926608034e-001
11.16000 9.9926735152e-001
11.17000 9.9926864616e-001
11.18000 9.9926996417e-001
11.19000 9.9927130546e-001
11.20000 9.9927266993e-001
11.21000 9.9927405746e-001
11.22000 9.9927546796e-001
11.23000 9.9927690128e-001
11.24000 9.9927835732e-001
11.25000 9.9927983594e-001
11.26000 9.9928133700e-001
11.27000 9.9928286035e-001
11.28000 9.9928440586e-001
11.29000 9.9928597336e-001
11.30000 9.9928756269e-001
11.31000 9.9928917370e-001
11.32000 9.9929080620e-001
11.33000 9.9929246003e-001
11.34000 9.9929413500e-001
11.35000 9.9929583092e-001
11.36000 9.9929754761e-001
11.37000 9.9929928488e-001
11.38000 9.9930104251e-001
11.39000 9.9930282031e-001
11.40000 9.9930461807e-001
11.41000 9.9930643557e-001
11.42000 9.9930827260e-001
11.43000 9.9931012892e-001
11.44000 9.9931200433e-001
11.45000 9.9931389858e-001
11.46000 9.9931581145e-001
11.47000 9.9931774268e-001
11.48000 9.9931969206e-001
11.49000 9.9932165931e-001
11.50000 9.9932364421e-001
11.51000 9.9932564649e-001
11.52000 9.9932766591e-001
11.53000 9.9932970219e-001
11.54000 9.9933175508e-001
11.55000 9.9933382432e-001
11.56000 9.9933590963e-001
11.57000 9.9933801075e-001
11.58000 9.9934012739e-001
11.59000 9.9934225929e-001
11.60000 9.9934440617e-001
11.61000 9.9934656773e-001
11.62000 9.9934874370e-001
11.63000 9.9935093380e-001
11.64000 9.9935313773e-001
11.65000 9.9935535520e-001
11.66000 9.9935758592e-001
11.67000 9.9935982959e-001
11.68000 9.9936208592e-001
11.69000 9.9936435461e-001
11.70000 9.9936663536e-001
11.71000 9.9936892787e-001
11.72000 9.9937123183e-001
11.73000 9.9937354693e-001
11.74000 9.9937587289e-001
11.75000 9.9937820936e-001
11.76000 9.9938055608e-001
11.77000 9.9938291271e-001
11.78000 9.9938527894e-001
11.79000 9.9938765447e-001
11.80000 9.9939003899e-001
11.81000 9.9939243217e-001
11.82000 9.9939483371e-001
11.83000 9.9939724329e-001
11.84000 9.9939966060e-001
11.85000 9.9940208532e-001
11.86000 9.9940451713e-001
11.87000 9.9940695573e-001
11.88000 9.9940940078e-001
11.89000 9.9941185199e-001
11.90000 9.9941430903e-001
11.91000 9.9941677159e-001
11.92000 9.9941923934e-001
11.93000 9.9942171198e-001
11.94000 9.9942418919e-001
11.95000 9.9942667066e-001
11.96000 9.9942915606e-001
11.97000 9.9943164509e-001
11.98000 9.9943413742e-001
11.99000 9.9943663276e-001
12.00000 9.9943913079e-001
12.01000 9.9944163119e-001
12.02000 9.9944413366e-001
12.03000 9.9944663788e-001
12.04000 9.9944914355e-001
12.05000 9.9945165035e-001
12.06000 9.9945415799e-001
12.07000 9.9945666616e-001
12.08000 9.9945917454e-001
12.09000 9.9946168285e-001
12.10000 9.9946419078e-001
12.11000 9.9946669802e-001
12.12000 9.9946920428e-001
12.13000 9.9947170927e-001
12.14000 9.9947421269e-001
12.15000 9.9947671424e-001
12.16000 9.9947921363e-001
12.17000 9.9948171057e-001
12.18000 9.9948420478e-001
12.19000 9.9948669596e-001
12.20000 9.9948918384e-001
12.21000 9.9949166812e-001
12.22000 9.9949414853e-001
12.23000 9.9949662479e-001
12.24000 9.9949909663e-001
12.25000 9.9950156376e-001
12.26000 9.9950402592e-001
12.27000 9.9950648284e-001
12.28000 9.9950893425e-001
12.29000 9.9951137988e-001
12.30000 9.9951381947e-001
12.31000 9.9951625277e-001
12.32000 9.9951867950e-001
12.33000 9.9952109942e-001
12.34000 9.9952351228e-001
12.35000 9.9952591783e-001
12.36000 9.9952831581e-001
12.37000 9.9953070598e-001
12.38000 9.9953308811e-001
12.39000 9.9953546194e-001
12.40000 9.9953782724e-001
12.41000 9.9954018379e-001
12.42000 9.9954253134e-001
12.43000 9.9954486968e-001
12.44000 9.9954719857e-001
12.45000 9.9954951779e-001
12.46000 9.9955182713e-001
12.47000 9.9955412636e-001
12.48000 9.9955641526e-001
12.49000 9.9955869365e-001
12.50000 9.9956096130e-001
12.51000 9.9956321801e-001
12.52000 9.9956546358e-001
12.53000 9.9956769781e-001
12.54000 9.9956992050e-001
12.55000 9.9957213147e-001
12.56000 9.9957433053e-001
12.57000 9.9957651749e-001
12.58000 9.9957869216e-001
12.59000 9.9958085437e-001
12.60000 9.9958300394e-001
12.61000 9.9958514070e-001
12.62000 9.9958726449e-001
12.63000 9.9958937513e-001
12.64000 9.9959147246e-001
12.65000 9.9959355633e-001
12.66000 9.9959562657e-001
12.67000 9.9959768303e-001
12.68000 9.9959972557e-001
12.69000 9.9960175404e-001
12.70000 9.9960376830e-001
12.71000 9.9960576820e-001
12.72000 9.9960775361e-001
12.73000 9.9960972440e-001
12.74000 9.9961168044e-001
12.75000 9.9961362160e-001
12.76000 9.9961554777e-001
12.77000 9.9961745882e-001
12.78000 9.9961935463e-001
12.79000 9.9962123510e-001
12.80000 9.9962310011e-001
12.81000 9.9962494957e-001
12.82000 9.9962678336e-001
12.83000 9.9962860139e-001
12.84000 9.9963040356e-001
12.85000 9.9963218979e-001
12.86000 9.9963395998e-001
12.87000 9.9963571405e-001
12.88000 9.9963745192e-001
12.89000 9.9963917350e-001
12.90000 9.9964087873e-001
12.91000 9.9964256753e-001
12.92000 9.9964423984e-001
12.93000 9.9964589558e-001
12.94000 9.9964753469e-001
12.95000 9.9964915712e-001
12.96000 9.9965076282e-001
12.97000 9.9965235173e-001
12.98000 9.9965392380e-001
12.99000 9.9965547899e-001
13.00000 9.9965701725e-001
13.01000 9.9965853855e-001
13.02000 9.9966004285e-001
13.03000 9.9966153011e-001
13.04000 9.9966300031e-001
13.05000 9.9966445343e-001
13.06000 9.9966588943e-001
13.07000 9.9966730830e-001
13.08000 9.9966871003e-001
13.09000 9.9967009460e-001
13.10000 9.9967146200e-001
13.11000 9.9967281222e-001
13.12000 9.9967414525e-001
13.13000 9.9967546110e-001
13.14000 9.9967675976e-001
13.15000 9.9967804125e-001
13.16000 9.9967930556e-001
13.17000 9.9968055272e-001
13.18000 9.9968178273e-001
13.19000 9.9968299561e-001
13.20000 9.9968419138e-001
13.21000 9.9968537006e-001
13.22000 9.9968653167e-001
13.23000 9.9968767625e-001
13.24000 9.9968880382e-001
13.25000 9.9968991442e-001
13.26000 9.9969100808e-001
13.27000 9.9969208484e-001
13.28000 9.9969314474e-001
13.29000 9.9969418784e-001
13.30000 9.9969521416e-001
13.31000 9.9969622376e-001
13.32000 9.9969721670e-001
13.33000 9.9969819303e-001
13.34000 9.9969915281e-001
13.35000 9.9970009608e-001
13.36000 9.9970102292e-001
13.37000 9.9970193340e-001
13.38000 9.9970282756e-001
13.39000 9.9970370549e-001
13.40000 9.9970456726e-001
13.41000 9.9970541295e-001
13.42000 9.9970624261e-001
13.43000 9.9970705634e-001
13.44000 9.9970785421e-001
13.45000 9.9970863631e-001
13.46000 9.9970940272e-001
13.47000 9.9971015352e-001
13.48000 9.9971088882e-001
13.49000 9.9971160869e-001
13.50000 9.9971231323e-001
13.51000 9.9971300254e-001
13.52000 9.9971367671e-001
13.53000 9.9971433583e-001
13.54000 9.9971498002e-001
13.55000 9.9971560938e-001
13.56000 9.9971622399e-001
13.57000 9.9971682399e-001
13.58000 9.9971740947e-001
13.59000 9.9971798054e-001
13.60000 9.9971853731e-001
13.61000 9.9971907991e-001
13.62000 9.9971960842e-001
13.63000 9.9972012300e-001
13.64000 9.9972062373e-001
13.65000 9.9972111076e-001
13.66000 9.9972158418e-001
13.67000 9.9972204414e-001
13.68000 9.9972249075e-001
13.69000 9.9972292413e-001
13.70000 9.9972334442e-001
13.71000 9.9972375174e-001
13.72000 9.9972414622e-001
13.73000 9.9972452800e-001
13.74000 9.9972489721e-001
13.75000 9.9972525396e-001
13.76000 9.9972559841e-001
13.77000 9.9972593069e-001
13.78000 9.9972625093e-001
13.79000 9.9972655928e-001
13.80000 9.9972685586e-001
13.81000 9.9972714082e-001
13.82000 9.9972741430e-001
13.83000 9.9972767645e-001
13.84000 9.9972792739e-001
13.85000 9.9972816729e-001
13.86000 9.9972839627e-001
13.87000 9.9972861450e-001
13.88000 9.9972882211e-001
13.89000 9.9972901924e-001
13.90000 9.9972920606e-001
13.91000 9.9972938270e-001
13.92000 9.9972954930e-001
13.93000 9.9972970604e-001
13.94000 9.9972985305e-001
13.95000 9.9972999048e-001
13.96000 9.9973011848e-001
13.97000 9.9973023721e-001
13.98000 9.9973034682e-001
13.99000 9.9973044745e-001
14.00000 9.9973053927e-001
14.01000 9.9973062242e-001
14.02000 9.9973069707e-001
14.03000 9.9973076335e-001
14.04000 9.9973082144e-001
14.05000 9.9973087148e-001
14.06000 9.9973091362e-001
14.07000 9.9973094802e-001
14.08000 9.9973097483e-001
14.09000 9.9973099423e-001
14.10000 9.9973100634e-001
14.11000 9.9973101134e-001
14.12000 9.9973100937e-001
14.13000 9.9973100059e-001
14.14000 9.9973098517e-001
14.15000 9.9973096325e-001
14.16000 9.9973093498e-001
14.17000 9.9973090053e-001
14.18000 9.9973086004e-001
14.19000 9.9973081368e-001
14.20000 9.9973076159e-001
14.21000 9.9973070394e-001
14.22000 9.9973064088e-001
14.23000 9.9973057255e-001
14.24000 9.9973049912e-001
14.25000 9.9973042074e-001
14.26000 9.9973033755e-001
14.27000 9.9973024973e-001
14.28000 9.9973015740e-001
14.29000 9.9973006074e-001
14.30000 9.9972995989e-001
14.31000 9.9972985500e-001
14.32000 9.9972974622e-001
14.33000 9.9972963369e-001
14.34000 9.9972951759e-001
14.35000 9.9972939804e-001
14.36000 9.9972927520e-001
14.37000 9.9972914923e-001
14.38000 9.9972902025e-001
14.39000 9.9972888842e-001
14.40000 9.9972875389e-001
14.41000 9.9972861681e-001
14.42000 9.9972847730e-001
14.43000 9.9972833554e-001
14.44000 9.9972819165e-001
14.45000 9.9972804577e-001
14.46000 9.9972789805e-001
14.47000 9.9972774863e-001
14.48000 9.9972759765e-001
14.49000 9.9972744524e-001
14.50000 9.9972729156e-001
14.51000 9.9972713673e-001
14.52000 9.9972698089e-001
14.53000 9.9972682417e-001
14.54000 9.9972666673e-001
14.55000 9.9972650867e-001
14.56000 9.9972635014e-001
14.57000 9.9972619127e-001
14.58000 9.9972603219e-001
14.59000 9.9972587304e-001
14.60000 9.9972571392e-001
14.61000 9.9972555500e-001
14.62000 9.9972539636e-001
14.63000 9.9972523817e-001
14.64000 9.9972508052e-001
14.65000 9.9972492356e-001
14.66000 9.9972476739e-001
14.67000 9.9972461214e-001
14.68000 9.9972445794e-001
14.69000 9.9972430489e-001
14.70000 9.9972415313e-001
14.71000 9.9972400275e-001
14.72000 9.9972385389e-001
14.73000 9.9972370665e-001
14.74000 9.9972356115e-001
14.75000 9.9972341749e-001
14.76000 9.9972327580e-001
14.77000 9.9972313616e-001
14.78000 9.9972299872e-001
14.79000 9.9972286354e-001
14.80000 9.9972273076e-001
14.81000 9.9972260047e-001
14.82000 9.9972247278e-001
14.83000 9.9972234778e-001
14.84000 9.9972222558e-001
14.85000 9.9972210627e-001
14.86000 9.9972198996e-001
14.87000 9.9972187674e-001
14.88000 9.9972176670e-001
14.89000 9.9972165994e-001
14.90000 9.9972155655e-001
14.91000 9.9972145661e-001
14.92000 9.9972136023e-001
14.93000 9.9972126748e-001
14.94000 9.9972117847e-001
14.95000 9.9972109325e-001
14.96000 9.9972101194e-001
14.97000 9.9972093459e-001
14.98000 9.9972086131e-001
14.99000 9.9972079216e-001
15.00000 9.9972072722e-001
15.01000 9.9972066658e-001
15.02000 9.9972061030e-001
15.03000 9.9972055847e-001
15.04000 9.9972051115e-001
15.05000 9.9972046841e-001
15.06000 9.9972043032e-001
15.07000 9.9972039696e-001
15.08000 9.9972036838e-001
15.09000 9.9972034466e-001
15.10000 9.9972032586e-001
15.11000 9.9972031204e-001
15.12000 9.9972030325e-001
15.13000 9.9972029957e-001
15.14000 9.9972030105e-001
15.15000 9.9972030774e-001
15.16000 9.9972031970e-001
15.17000 9.9972033699e-001
15.18000 9.9972035966e-001
15.19000 9.9972038774e-001
15.20000 9.9972042132e-001
15.21000 9.9972046041e-001
15.22000 9.9972050507e-001
15.23000 9.9972055535e-001
15.24000 9.9972061129e-001
15.25000 9.9972067294e-001
15.26000 9.9972074032e-001
15.27000 9.9972081350e-001
15.28000 9.9972089249e-001
15.29000 9.9972097734e-001
15.30000 9.9972106808e-001
15.31000 9.9972116474e-001
15.32000 9.9972126737e-001
15.33000 9.9972137598e-001
15.34000 9.9972149062e-001
15.35000 9.9972161130e-001
15.36000 9.9972173805e-001
15.37000 9.9972187091e-001
15.38000 9.9972200989e-001
15.39000 9.9972215501e-001
15.40000 9.9972230630e-001
15.41000 9.9972246378e-001
15.42000 9.9972262746e-001
15.43000 9.9972279737e-001
15.44000 9.9972297351e-001
15.45000 9.9972315591e-001
15.46000 9.9972334458e-001
15.47000 9.9972353952e-001
15.48000 9.9972374074e-001
15.49000 9.9972394827e-001
15.50000 9.9972416210e-001
15.51000 9.9972438225e-001
15.52000 9.9972460871e-001
15.53000 9.9972484149e-001
15.54000 9.9972508060e-001
15.55000 9.9972532604e-001
15.56000 9.9972557780e-001
15.57000 9.9972583588e-001
15.58000 9.9972610028e-001
15.59000 9.9972637101e-001
15.60000 9.9972664805e-001
15.61000 9.9972693140e-001
15.62000 9.9972722105e-001
15.63000 9.9972751699e-001
15.64000 9.9972781922e-001
15.65000 9.9972812771e-001
15.66000 9.9972844247e-001
15.67000 9.9972876348e-001
15.68000 9.9972909072e-001
15.69000 9.9972942417e-001
15.70000 9.9972976384e-001
15.71000 9.9973010968e-001
15.72000 9.9973046170e-001
15.73000 9.9973081985e-001
15.74000 9.9973118413e-001
15.75000 9.9973155452e-001
15.76000 9.9973193098e-001
15.77000 9.9973231350e-001
15.78000 9.9973270206e-001
15.79000 9.9973309662e-001
15.80000 9.9973349715e-001
15.81000 9.9973390364e-001
15.82000 9.9973431605e-001
15.83000 9.9973473434e-001
15.84000 9.9973515850e-001
15.85000 9.9973558849e-001
15.86000 9.9973602427e-001
15.87000 9.9973646581e-001
15.88000 9.9973691308e-001
15.89000 9.9973736604e-001
15.90000 9.9973782465e-001
15.91000 9.9973828887e-001
15.92000 9.9973875868e-001
15.93000 9.9973923402e-001
15.94000 9.9973971486e-001
15.95000 9.9974020116e-001
15.96000 9.9974069287e-001
15.97000 9.9974118996e-001
15.98000 9.9974169238e-001
15.99000 9.9974220008e-001
16.00000 9.9974271302e-001
16.01000 9.9974323116e-001
16.02000 9.9974375444e-001
16.03000 9.9974428283e-001
16.04000 9.9974481626e-001
16.05000 9.9974535471e-001
16.06000 9.9974589810e-001
16.07000 9.9974644640e-001
16.08000 9.9974699956e-001
16.09000 9.9974755752e-001
16.10000 9.9974812023e-001
16.11000 9.9974868764e-001
16.12000 9.9974925968e-001
16.13000 9.9974983632e-001
16.14000 9.9975041750e-001
16.15000 9.9975100316e-001
16.16000 9.9975159324e-001
16.17000 9.9975218769e-001
16.18000 9.9975278645e-001
16.19000 9.9975338947e-001
16.20000 9.9975399668e-001
16.21000 9.9975460803e-001
16.22000 9.9975522346e-001
16.23000 9.9975584291e-001
16.24000 9.9975646632e-001
16.25000 9.9975709364e-001
16.26000 9.9975772478e-001
16.27000 9.9975835971e-001
16.28000 9.9975899836e-001
16.29000 9.9975964066e-001
16.30000 9.9976028654e-001
16.31000 9.9976093596e-001
16.32000 9.9976158885e-001
16.33000 9.9976224514e-001
16.34000 9.9976290476e-001
16.35000 9.9976356766e-001
16.36000 9.9976423378e-001
16.37000 9.9976490303e-001
16.38000 9.9976557537e-001
16.39000 9.9976625072e-001
16.40000 9.9976692902e-001
16.41000 9.9976761020e-001
16.42000 9.9976829420e-001
16.43000 9.9976898096e-001
16.44000 9.9976967039e-001
16.45000 9.9977036244e-001
16.46000 9.9977105704e-001
16.47000 9.9977175413e-001
16.48000 9.9977245363e-001
16.49000 9.9977315548e-001
16.50000 9.9977385961e-001
16.51000 9.9977456596e-001
16.52000 9.9977527445e-001
16.53000 9.9977598502e-001
16.54000 9.9977669759e-001
16.55000 9.9977741211e-001
16.56000 9.9977812850e-001
16.57000 9.9977884669e-001
16.58000 9.9977956662e-001
16.59000 9.9978028822e-001
16.60000 9.9978101142e-001
16.61000 9.9978173614e-001
16.62000 9.9978246233e-001
16.63000 9.9978318991e-001
16.64000 9.9978391883e-001
16.65000 9.9978464899e-001
16.66000 9.9978538034e-001
16.67000 9.9978611281e-001
16.68000 9.9978684634e-001
16.69000 9.9978758085e-001
16.70000 9.9978831628e-001
16.71000 9.9978905255e-001
16.72000 9.9978978960e-001
16.73000 9.9979052736e-001
16.74000 9.9979126577e-001
16.75000 9.9979200475e-001
16.76000 9.9979274425e-001
16.77000 9.9979348418e-001
16.78000 9.9979422449e-001
16.79000 9.9979496511e-001
16.80000 9.9979570597e-001
16.81000 9.9979644700e-001
16.82000 9.9979718814e-001
16.83000 9.9979792932e-001
16.84000 9.9979867049e-001
16.85000 9.9979941156e-001
16.86000 9.9980015247e-001
16.87000 9.9980089317e-001
16.88000 9.9980163357e-001
16.89000 9.9980237364e-001
16.90000 9.9980311328e-001
16.91000 9.9980385245e-001
16.92000 9.9980459107e-001
16.93000 9.9980532909e-001
16.94000 9.9980606644e-001
16.95000 9.9980680306e-001
16.96000 9.9980753888e-001
16.97000 9.9980827384e-001
16.98000 9.9980900789e-001
16.99000 9.9980974095e-001
17.00000 9.9981047298e-001
17.01000 9.9981120391e-001
17.02000 9.9981193366e-001
17.03000 9.9981266220e-001
17.04000 9.9981338945e-001
17.05000 9.9981411536e-001
17.06000 9.9981483988e-001
17.07000 9.9981556293e-001
17.08000 9.9981628446e-001
17.09000 9.9981700441e-001
17.10000 9.9981772274e-001
17.11000 9.9981843937e-001
17.12000 9.9981915426e-001
17.13000 9.9981986735e-001
17.14000 9.9982057858e-001
17.15000 9.9982128790e-001
17.16000 9.9982199525e-001
17.17000 9.9982270058e-001
17.18000 9.9982340383e-001
17.19000 9.9982410496e-001
17.20000 9.9982480391e-001
17.21000 9.9982550062e-001
17.22000 9.9982619505e-001
17.23000 9.9982688714e-001
17.24000 9.9982757685e-001
17.25000 9.9982826412e-001
17.26000 9.9982894891e-001
17.27000 9.9982963116e-001
17.28000 9.9983031083e-001
17.29000 9.9983098787e-001
17.30000 9.9983166223e-001
17.31000 9.9983233386e-001
17.32000 9.9983300272e-001
17.33000 9.9983366876e-001
17.34000 9.9983433194e-001
17.35000 9.9983499221e-001
17.36000 9.9983564953e-001
17.37000 9.9983630385e-001
17.38000 9.9983695513e-001
17.39000 9.9983760333e-001
17.40000 9.9983824841e-001
17.41000 9.9983889033e-001
17.42000 9.9983952903e-001
17.43000 9.9984016450e-001
17.44000 9.9984079667e-001
17.45000 9.9984142553e-001
17.46000 9.9984205103e-001
17.47000 9.9984267312e-001
17.48000 9.9984329177e-001
17.49000 9.9984390695e-001
17.50000 9.9984451862e-001
17.51000 9.9984512675e-001
17.52000 9.9984573129e-001
17.53000 9.9984633223e-001
17.54000 9.9984692951e-001
17.55000 9.9984752312e-001
17.56000 9.9984811301e-001
17.57000 9.9984869916e-001
17.58000 9.9984928153e-001
17.59000 9.9984986010e-001
17.60000 9.9985043483e-001
17.61000 9.9985100570e-001
17.62000 9.9985157267e-001
17.63000 9.9985213572e-001
17.64000 9.9985269483e-001
17.65000 9.9985324996e-001
17.66000 9.9985380108e-001
17.67000 9.9985434818e-001
17.68000 9.9985489123e-001
17.69000 9.9985543021e-001
17.70000 9.9985596508e-001
17.71000 9.9985649584e-001
17.72000 9.9985702245e-001
17.73000 9.9985754489e-001
17.74000 9.9985806315e-001
17.75000 9.9985857720e-001
17.76000 9.9985908702e-001
17.77000 9.9985959259e-001
17.78000 9.9986009390e-001
17.79000 9.9986059093e-001
17.80000 9.9986108366e-001
17.81000 9.9986157207e-001
17.82000 9.9986205615e-001
17.83000 9.9986253588e-001
17.84000 9.9986301125e-001
17.85000 9.9986348225e-001
17.86000 9.9986394885e-001
17.87000 9.9986441105e-001
17.88000 9.9986486884e-001
17.89000 9.9986532220e-001
17.90000 9.9986577112e-001
17.91000 9.9986621559e-001
17.92000 9.9986665561e-001
17.93000 9.9986709116e-001
17.94000 9.9986752223e-001
17.95000 9.9986794882e-001
17.96000 9.9986837092e-001
17.97000 9.9986878852e-001
17.98000 9.9986920162e-001
17.99000 9.9986961021e-001
18.00000 9.9987001428e-001
18.01000 9.9987041384e-001
18.02000 9.9987080887e-001
18.03000 9.9987119938e-001
18.04000 9.9987158536e-001
18.05000 9.9987196681e-001
18.06000 9.9987234372e-001
18.07000 9.9987271611e-001
18.08000 9.9987308396e-001
18.09000 9.9987344729e-001
18.10000 9.9987380608e-001
18.11000 9.9987416034e-001
18.12000 9.9987451007e-001
18.13000 9.9987485528e-001
18.14000 9.9987519597e-001
18.15000 9.9987553213e-001
18.16000 9.9987586379e-001
18.17000 9.9987619093e-001
18.18000 9.9987651358e-001
18.19000 9.9987683172e-001
18.20000 9.9987714537e-001
18.21000 9.9987745454e-001
18.22000 9.9987775923e-001
18.23000 9.9987805945e-001
18.24000 9.9987835521e-001
18.25000 9.9987864653e-001
18.26000 9.9987893340e-001
18.27000 9.9987921584e-001
18.28000 9.9987949385e-001
18.29000 9.9987976746e-001
18.30000 9.9988003668e-001
18.31000 9.9988030150e-001
18.32000 9.9988056195e-001
18.33000 9.9988081805e-001
18.34000 9.9988106979e-001
18.35000 9.9988131721e-001
18.36000 9.9988156030e-001
18.37000 9.9988179909e-001
18.38000 9.9988203360e-001
18.39000 9.9988226384e-001
18.40000 9.9988248982e-001
18.41000 9.9988271156e-001
18.42000 9.9988292908e-001
18.43000 9.9988314240e-001
18.44000 9.9988335153e-001
18.45000 9.9988355650e-001
18.46000 9.9988375732e-001
18.47000 9.9988395401e-001
18.48000 9.9988414659e-001
18.49000 9.9988433509e-001
18.50000 9.9988451952e-001
18.51000 9.9988469991e-001
18.52000 9.9988487627e-001
18.53000 9.9988504863e-001
18.54000 9.9988521701e-001
18.55000 9.9988538143e-001
18.56000 9.9988554192e-001
18.57000 9.9988569850e-001
18.58000 9.9988585120e-001
18.59000 9.9988600003e-001
18.60000 9.9988614502e-001
18.61000 9.9988628620e-001
18.62000 9.9988642359e-001
18.63000 9.9988655722e-001
18.64000 9.9988668712e-001
18.65000 9.9988681330e-001
18.66000 9.9988693581e-001
18.67000 9.9988705465e-001
18.68000 9.9988716987e-001
18.69000 9.9988728149e-001
18.70000 9.9988738953e-001
18.71000 9.9988749403e-001
18.72000 9.9988759502e-001
18.73000 9.9988769251e-001
18.74000 9.9988778654e-001
18.75000 9.9988787715e-001
18.76000 9.9988796436e-001
18.77000 9.9988804819e-001
18.78000 9.9988812869e-001
18.79000 9.9988820588e-001
18.80000 9.9988827979e-001
18.81000 9.9988835045e-001
18.82000 9.9988841790e-001
18.83000 9.9988848215e-001
18.84000 9.9988854326e-001
18.85000 9.9988860125e-001
18.86000 9.9988865615e-001
18.87000 9.9988870799e-001
18.88000 9.9988875681e-001
18.89000 9.9988880263e-001
18.90000 9.9988884550e-001
18.91000 9.9988888543e-001
18.92000 9.9988892248e-001
18.93000 9.9988895667e-001
18.94000 9.9988898804e-001
18.95000 9.9988901661e-001
18.96000 9.9988904243e-001
18.97000 9.9988906552e-001
18.98000 9.9988908593e-001
18.99000 9.9988910367e-001
19.00000 9.9988911881e-001
19.01000 9.9988913136e-001
19.02000 9.9988914136e-001
19.03000 9.9988914884e-001
19.04000 9.9988915385e-001
19.05000 9.9988915641e-001
19.06000 9.9988915656e-001
19.07000 9.9988915434e-001
19.08000 9.9988914978e-001
19.09000 9.9988914292e-001
19.10000 9.9988913380e-001
19.11000 9.9988912245e-001
19.12000 9.9988910890e-001
19.13000 9.9988909319e-001
19.14000 9.9988907537e-001
19.15000 9.9988905546e-001
19.16000 9.9988903350e-001
19.17000 9.9988900953e-001
19.18000 9.9988898359e-001
19.19000 9.9988895570e-001
19.20000 9.9988892591e-001
19.21000 9.9988889426e-001
19.22000 9.9988886077e-001
19.23000 9.9988882550e-001
19.24000 9.9988878847e-001
19.25000 9.9988874971e-001
19.26000 9.9988870928e-001
19.27000 9.9988866720e-001
19.28000 9.9988862351e-001
19.29000 9.9988857825e-001
19.30000 9.9988853145e-001
19.31000 9.9988848315e-001
19.32000 9.9988843339e-001
19.33000 9.9988838221e-001
19.34000 9.9988832964e-001
19.35000 9.9988827570e-001
19.36000 9.9988822046e-001
19.37000 9.9988816394e-001
19.38000 9.9988810618e-001
19.39000 9.9988804721e-001
19.40000 9.9988798706e-001
19.41000 9.9988792579e-001
19.42000 9.9988786342e-001
19.43000 9.9988779999e-001
19.44000 9.9988773554e-001
19.45000 9.9988767009e-001
19.46000 9.9988760369e-001
19.47000 9.9988753638e-001
19.48000 9.9988746818e-001
19.49000 9.9988739914e-001
19.50000 9.9988732929e-001
19.51000 9.9988725867e-001
19.52000 9.9988718731e-001
19.53000 9.9988711525e-001
19.54000 9.9988704252e-001
19.55000 9.9988696915e-001
19.56000 9.9988689519e-001
19.57000 9.9988682066e-001
19.58000 9.9988674561e-001
19.59000 9.9988667007e-001
19.60000 9.9988659406e-001
19.61000 9.9988651764e-001
19.62000 9.9988644082e-001
19.63000 9.9988636365e-001
19.64000 9.9988628615e-001
19.65000 9.9988620837e-001
19.66000 9.9988613034e-001
19.67000 9.9988605208e-001
19.68000 9.9988597363e-001
19.69000 9.9988589504e-001
19.70000 9.9988581632e-001
19.71000 9.9988573751e-001
19.72000 9.9988565865e-001
19.73000 9.9988557976e-001
19.74000 9.9988550088e-001
19.75000 9.9988542205e-001
19.76000 9.9988534328e-001
19.77000 9.9988526462e-001
19.78000 9.9988518610e-001
19.79000 9.9988510774e-001
19.80000 9.9988502959e-001
19.81000 9.9988495167e-001
19.82000 9.9988487400e-001
19.83000 9.9988479662e-001
19.84000 9.9988471957e-001
19.85000 9.9988464287e-001
19.86000 9.9988456655e-001
19.87000 9.9988449064e-001
19.88000 9.9988441517e-001
19.89000 9.9988434018e-001
19.90000 9.9988426568e-001
19.91000 9.9988419170e-001
19.92000 9.9988411829e-001
19.93000 9.9988404546e-001
19.94000 9.9988397323e-001
19.95000 9.9988390165e-001
19.96000 9.9988383074e-001
19.97000 9.9988376053e-001
19.98000 9.9988369103e-001
19.99000 9.9988362229e-001
20.00000 9.9988355432e-001
20.01000 9.9988348714e-001
20.02000 9.9988342081e-001
20.03000 9.9988335532e-001
20.04000 9.9988329071e-001
20.05000 9.9988322701e-001
20.06000 9.9988316424e-001
20.07000 9.9988310242e-001
20.08000 9.9988304157e-001
20.09000 9.9988298174e-001
20.10000 9.9988292293e-001
20.11000 9.9988286517e-001
20.12000 9.9988280848e-001
20.13000 9.9988275290e-001
20.14000 9.9988269843e-001
20.15000 9.9988264510e-001
20.16000 9.9988259294e-001
20.17000 9.9988254197e-001
20.18000 9.9988249221e-001
20.19000 9.9988244367e-001
20.20000 9.9988239639e-001
20.21000 9.9988235038e-001
20.22000 9.9988230567e-001
20.23000 9.9988226226e-001
20.24000 9.9988222019e-001
20.25000 9.9988217947e-001
20.26000 9.9988214013e-001
20.27000 9.9988210218e-001
20.28000 9.9988206563e-001
20.29000 9.9988203052e-001
20.30000 9.9988199685e-001
20.31000 9.9988196465e-001
20.32000 9.9988193394e-001
20.33000 9.9988190472e-001
20.34000 9.9988187702e-001
20.35000 9.9988185085e-001
20.36000 9.9988182624e-001
20.37000 9.9988180319e-001
20.38000 9.9988178172e-001
20.39000 9.9988176186e-001
20.40000 9.9988174361e-001
20.41000 9.9988172698e-001
20.42000 9.9988171200e-001
20.43000 9.9988169868e-001
20.44000 9.9988168702e-001
20.45000 9.9988167706e-001
20.46000 9.9988166879e-001
20.47000 9.9988166223e-001
20.48000 9.9988165741e-001
20.49000 9.9988165431e-001
20.50000 9.9988165297e-001
20.51000 9.9988165339e-001
20.52000 9.9988165558e-001
20.53000 9.9988165956e-001
20.54000 9.9988166534e-001
20.55000 9.9988167291e-001
20.56000 9.9988168231e-001
20.57000 9.9988169354e-001
20.58000 9.9988170660e-001
20.59000 9.9988172151e-001
20.60000 9.9988173827e-001
20.61000 9.9988175690e-001
20.62000 9.9988177740e-001
20.63000 9.9988179978e-001
20.64000 9.9988182405e-001
20.65000 9.9988185022e-001
20.66000 9.9988187830e-001
20.67000 9.9988190829e-001
20.68000 9.9988194019e-001
20.69000 9.9988197402e-001
20.70000 9.9988200978e-001
20.71000 9.9988204748e-001
20.72000 9.9988208713e-001
20.73000 9.9988212871e-001
20.74000 9.9988217226e-001
20.75000 9.9988221776e-001
20.76000 9.9988226523e-001
20.77000 9.9988231466e-001
20.78000 9.9988236606e-001
20.79000 9.9988241944e-001
20.80000 9.9988247479e-001
20.81000 9.9988253213e-001
20.82000 9.9988259145e-001
20.83000 9.9988265275e-001
20.84000 9.9988271604e-001
20.85000 9.9988278132e-001
20.86000 9.9988284860e-001
20.87000 9.9988291786e-001
20.88000 9.9988298912e-001
20.89000 9.9988306238e-001
20.90000 9.9988313762e-001
20.91000 9.9988321487e-001
20.92000 9.9988329411e-001
20.93000 9.9988337534e-001
20.94000 9.9988345857e-001
20.95000 9.9988354379e-001
20.96000 9.9988363101e-001
20.97000 9.9988372021e-001
20.98000 9.9988381141e-001
20.99000 9.9988390459e-001
21.00000 9.9988399976e-001
21.01000 9.9988409690e-001
21.02000 9.9988419603e-001
21.03000 9.9988429713e-001
21.04000 9.9988440021e-001
21.05000 9.9988450526e-001
21.06000 9.9988461227e-001
21.07000 9.9988472125e-001
21.08000 9.9988483218e-001
21.09000 9.9988494507e-001
21.10000 9.9988505990e-001
21.11000 9.9988517669e-001
21.12000 9.9988529540e-001
21.13000 9.9988541605e-001
21.14000 9.9988553863e-001
21.15000 9.9988566313e-001
21.16000 9.9988578954e-001
21.17000 9.9988591787e-001
21.18000 9.9988604809e-001
21.19000 9.9988618021e-001
21.20000 9.9988631422e-001
21.21000 9.9988645010e-001
21.22000 9.9988658787e-001
21.23000 9.9988672749e-001
21.24000 9.9988686897e-001
21.25000 9.9988701230e-001
21.26000 9.9988715748e-001
21.27000 9.9988730448e-001
21.28000 9.9988745330e-001
21.29000 9.9988760394e-001
21.30000 9.9988775639e-001
21.31000 9.9988791063e-001
21.32000 9.9988806665e-001
21.33000 9.9988822445e-001
21.34000 9.9988838402e-001
21.35000 9.9988854534e-001
21.36000 9.9988870840e-001
21.37000 9.9988887320e-001
21.38000 9.9988903972e-001
21.39000 9.9988920796e-001
21.40000 9.9988937789e-001
21.41000 9.9988954951e-001
21.42000 9.9988972282e-001
21.43000 9.9988989778e-001
21.44000 9.9989007440e-001
21.45000 9.9989025266e-001
21.46000 9.9989043256e-001
21.47000 9.9989061406e-001
21.48000 9.9989079718e-001
21.49000 9.9989098188e-001
21.50000 9.9989116816e-001
21.51000 9.9989135601e-001
21.52000 9.9989154540e-001
21.53000 9.9989173634e-001
21.54000 9.9989192880e-001
21.55000 9.9989212278e-001
21.56000 9.9989231825e-001
21.57000 9.9989251521e-001
21.58000 9.9989271363e-001
21.59000 9.9989291351e-001
21.60000 9.9989311482e-001
21.61000 9.9989331757e-001
21.62000 9.9989352172e-001
21.63000 9.9989372727e-001
21.64000 9.9989393419e-001
21.65000 9.9989414249e-001
21.66000 9.9989435213e-001
21.67000 9.9989456311e-001
21.68000 9.9989477542e-001
21.69000 9.9989498902e-001
21.70000 9.9989520391e-001
21.71000 9.9989542007e-001
21.72000 9.9989563749e-001
21.73000 9.9989585615e-001
21.74000 9.9989607604e-001
21.75000 9.9989629713e-001
21.76000 9.9989651941e-001
21.77000 9.9989674287e-001
21.78000 9.9989696748e-001
21.79000 9.9989719324e-001
21.80000 9.9989742012e-001
21.81000 9.9989764811e-001
21.82000 9.9989787718e-001
21.83000 9.9989810733e-001
21.84000 9.9989833855e-001
21.85000 9.9989857079e-001
21.86000 9.9989880407e-001
21.87000 9.9989903834e-001
21.88000 9.9989927361e-001
21.89000 9.9989950984e-001
21.90000 9.9989974702e-001
21.91000 9.9989998515e-001
21.92000 9.9990022418e-001
21.93000 9.9990046412e-001
21.94000 9.9990070494e-001
21.95000 9.9990094662e-001
21.96000 9.9990118915e-001
21.97000 9.9990143250e-001
21.98000 9.9990167667e-001
21.99000 9.9990192162e-001
