0.00000 5.9934138677e-030
0.01000 6.3095295452e-018
0.02000 1.3285557052e-017
0.03000 2.0982344855e-017
0.04000 2.9458190189e-017
0.05000 3.8775714157e-017
0.06000 4.9002171081e-017
0.07000 6.0209779712e-017
0.08000 7.2476077805e-017
0.09000 8.5884301725e-017
0.10000 1.0052379285e-016
0.11000 1.1649043265e-016
0.12000 1.3388710848e-016
0.13000 1.5282421225e-016
0.14000 1.7342017427e-016
0.15000 1.9580203483e-016
0.16000 2.2010605611e-016
0.17000 2.4647837724e-016
0.18000 2.7507571574e-016
0.19000 3.0606611839e-016
0.20000 3.3962976522e-016
0.21000 3.7595983029e-016
0.22000 4.1526340331e-016
0.23000 4.5776247639e-016
0.24000 5.0369500067e-016
0.25000 5.5331601757e-016
0.26000 6.0689887018e-016
0.27000 6.6473650039e-016
0.28000 7.2714283783e-016
0.29000 7.9445428729e-016
0.30000 8.6703132145e-016
0.31000 9.4526018663e-016
0.32000 1.0295547294e-015
0.33000 1.1203583531e-015
0.34000 1.2181461127e-015
0.35000 1.3234269591e-015
0.36000 1.4367461425e-015
0.37000 1.5586877865e-015
0.38000 1.6898776462e-015
0.39000 1.8309860612e-015
0.40000 1.9827311201e-015
0.41000 2.1458820495e-015
0.42000 2.3212628457e-015
0.43000 2.5097561644e-015
0.44000 2.7123074882e-015
0.45000 2.9299295927e-015
0.46000 3.1637073299e-015
0.47000 3.4148027554e-015
0.48000 3.6844606214e-015
0.49000 3.9740142632e-015
0.50000 4.2848919073e-015
0.51000 4.6186234316e-015
0.52000 4.9768476110e-015
0.53000 5.3613198823e-015
0.54000 5.7739206670e-015
0.55000 6.2166642928e-015
0.56000 6.6917085559e-015
0.57000 7.2013649724e-015
0.58000 7.7481097667e-015
0.59000 8.3345956533e-015
0.60000 8.9636644672e-015
0.61000 9.6383607061e-015
0.62000 1.0361946051e-014
0.63000 1.1137914936e-014
0.64000 1.1970011243e-014
0.65000 1.2862246208e-014
0.66000 1.3818917618e-014
0.67000 1.4844630407e-014
0.68000 1.5944318742e-014
0.69000 1.7123269710e-014
0.70000 1.8387148726e-014
0.71000 1.9742026793e-014
0.72000 2.1194409742e-014
0.73000 2.2751269594e-014
0.74000 2.4420078216e-014
0.75000 2.6208843425e-014
0.76000 2.8126147726e-014
0.77000 3.0181189881e-014
0.78000 3.2383829507e-014
0.79000 3.4744634942e-014
0.80000 3.7274934610e-014
0.81000 3.9986872140e-014
0.82000 4.2893465529e-014
0.83000 4.6008670640e-014
0.84000 4.9347449353e-014
0.85000 5.2925842721e-014
0.86000 5.6761049500e-014
0.87000 6.0871510442e-014
0.88000 6.5276998794e-014
0.89000 6.9998717451e-014
0.90000 7.5059403262e-014
0.91000 8.0483439016e-014
0.92000 8.6296973683e-014
0.93000 9.2528051528e-014
0.94000 9.9206750739e-014
0.95000 1.0636533230e-013
0.96000 1.1403839983e-013
0.97000 1.2226307131e-013
0.98000 1.3107916338e-013
0.99000 1.4052938940e-013
1.00000 1.5065957206e-013
1.01000 1.6151887179e-013
1.02000 1.7316003205e-013
1.03000 1.8563964282e-013
1.04000 1.9901842361e-013
1.05000 2.1336152739e-013
1.06000 2.2873886713e-013
1.07000 2.4522546656e-013
1.08000 2.6290183685e-013
1.09000 2.8185438138e-013
1.10000 3.0217583041e-013
1.11000 3.2396570813e-013
1.12000 3.4733083430e-013
1.13000 3.7238586316e-013
1.14000 3.9925386231e-013
1.15000 4.2806693466e-013
1.16000 4.5896688642e-013
1.17000 4.9210594476e-013
1.18000 5.2764752871e-013
1.19000 5.6576707728e-013
1.20000 6.0665293897e-013
1.21000 6.5050732733e-013
1.22000 6.9754734728e-013
1.23000 7.4800609767e-013
1.24000 8.0213385530e-013
1.25000 8.6019934687e-013
1.26000 9.2249111490e-013
1.27000 9.8931898485e-013
1.28000 1.0610156406e-012
1.29000 1.1379383164e-012
1.30000 1.2204706138e-012
1.31000 1.3090244524e-012
1.32000 1.4040421650e-012
1.33000 1.5059987459e-012
1.34000 1.6154042661e-012
1.35000 1.7328064645e-012
1.36000 1.8587935307e-012
1.37000 1.9939970910e-012
1.38000 2.1390954129e-012
1.39000 2.2948168447e-012
1.40000 2.4619435060e-012
1.41000 2.6413152466e-012
1.42000 2.8338338949e-012
1.43000 3.0404678136e-012
1.44000 3.2622567871e-012
1.45000 3.5003172621e-012
1.46000 3.7558479670e-012
1.47000 4.0301359370e-012
1.48000 4.3245629720e-012
1.49000 4.6406125589e-012
1.50000 4.9798772895e-012
1.51000 5.3440668083e-012
1.52000 5.7350163271e-012
1.53000 6.1546957443e-012
1.54000 6.6052194114e-012
1.55000 7.0888565890e-012
1.56000 7.6080426404e-012
1.57000 8.1653910109e-012
1.58000 8.7637060464e-012
1.59000 9.4059967065e-012
1.60000 1.0095491231e-011
1.61000 1.0835652825e-011
1.62000 1.1630196421e-011
1.63000 1.2483106603e-011
1.64000 1.3398656752e-011
1.65000 1.4381429498e-011
1.66000 1.5436338567e-011
1.67000 1.6568652100e-011
1.68000 1.7784017548e-011
1.69000 1.9088488233e-011
1.70000 2.0488551684e-011
1.71000 2.1991159857e-011
1.72000 2.3603761347e-011
1.73000 2.5334335730e-011
1.74000 2.7191430142e-011
1.75000 2.9184198244e-011
1.76000 3.1322441720e-011
1.77000 3.3616654435e-011
1.78000 3.6078069433e-011
1.79000 3.8718708930e-011
1.80000 4.1551437475e-011
1.81000 4.4590018465e-011
1.82000 4.7849174200e-011
1.83000 5.1344649686e-011
1.84000 5.5093280394e-011
1.85000 5.9113064195e-011
1.86000 6.3423237708e-011
1.87000 6.8044357298e-011
1.88000 7.2998384992e-011
1.89000 7.8308779573e-011
1.90000 8.4000593138e-011
1.91000 9.0100573420e-011
1.92000 9.6637272182e-011
1.93000 1.0364116002e-010
1.94000 1.1114474790e-010
1.95000 1.1918271585e-010
1.96000 1.2779204906e-010
1.97000 1.3701218202e-010
1.98000 1.4688515083e-010
1.99000 1.5745575441e-010
2.00000 1.6877172491e-010
2.01000 1.8088390785e-010
2.02000 1.9384645262e-010
2.03000 2.0771701373e-010
2.04000 2.2255696360e-010
2.05000 2.3843161736e-010
2.06000 2.5541047043e-010
2.07000 2.7356744959e-010
2.08000 2.9298117819e-010
2.09000 3.1373525648e-010
2.10000 3.3591855781e-010
2.11000 3.5962554160e-010
2.12000 3.8495658421e-010
2.13000 4.1201832849e-010
2.14000 4.4092405347e-010
2.15000 4.7179406503e-010
2.16000 5.0475610916e-010
2.17000 5.3994580886e-010
2.18000 5.7750712641e-010
2.19000 6.1759285237e-010
2.20000 6.6036512314e-010
2.21000 7.0599596867e-010
2.22000 7.5466789251e-010
2.23000 8.0657448588e-010
2.24000 8.6192107836e-010
2.25000 9.2092542711e-010
2.26000 9.8381844754e-010
2.27000 1.0508449877e-009
2.28000 1.1222646496e-009
2.29000 1.1983526603e-009
2.30000 1.2794007959e-009
2.31000 1.3657183624e-009
2.32000 1.4576332367e-009
2.33000 1.5554929716e-009
2.34000 1.6596659699e-009
2.35000 1.7705427307e-009
2.36000 1.8885371739e-009
2.37000 2.0140880479e-009
2.38000 2.1476604252e-009
2.39000 2.2897472922e-009
2.40000 2.4408712400e-009
2.41000 2.6015862621e-009
2.42000 2.7724796652e-009
2.43000 2.9541741031e-009
2.44000 3.1473297392e-009
2.45000 3.3526465473e-009
2.46000 3.5708667597e-009
2.47000 3.8027774716e-009
2.48000 4.0492134127e-009
2.49000 4.3110598971e-009
2.50000 4.5892559622e-009
2.51000 4.8847977089e-009
2.52000 5.1987418582e-009
2.53000 5.5322095349e-009
2.54000 5.8863902964e-009
2.55000 6.2625464202e-009
2.56000 6.6620174678e-009
2.57000 7.0862251428e-009
2.58000 7.5366784621e-009
2.59000 8.0149792601e-009
2.60000 8.5228280474e-009
2.61000 9.0620302474e-009
2.62000 9.6345028343e-009
2.63000 1.0242281398e-008
2.64000 1.0887527663e-008
2.65000 1.1572537493e-008
2.66000 1.2299749410e-008
2.67000 1.3071753655e-008
2.68000 1.3891301838e-008
2.69000 1.4761317203e-008
2.70000 1.5684905547e-008
2.71000 1.6665366848e-008
2.72000 1.7706207624e-008
2.73000 1.8811154093e-008
2.74000 1.9984166163e-008
2.75000 2.1229452315e-008
2.76000 2.2551485439e-008
2.77000 2.3955019667e-008
2.78000 2.5445108278e-008
2.79000 2.7027122732e-008
2.80000 2.8706772911e-008
2.81000 3.0490128629e-008
2.82000 3.2383642499e-008
2.83000 3.4394174237e-008
2.84000 3.6529016474e-008
2.85000 3.8795922195e-008
2.86000 4.1203133875e-008
2.87000 4.3759414422e-008
2.88000 4.6474080042e-008
2.89000 4.9357035122e-008
2.90000 5.2418809259e-008
2.91000 5.5670596556e-008
2.92000 5.9124297311e-008
2.93000 6.2792562242e-008
2.94000 6.6688839381e-008
2.95000 7.0827423796e-008
2.96000 7.5223510291e-008
2.97000 7.9893249248e-008
2.98000 8.4853805779e-008
2.99000 9.0123422382e-008
3.00000 9.5721485255e-008
3.01000 1.0166859450e-007
3.02000 1.0798663840e-007
3.03000 1.1469887195e-007
3.04000 1.2182999993e-007
3.05000 1.2940626467e-007
3.06000 1.3745553882e-007
3.07000 1.4600742325e-007
3.08000 1.5509335054e-007
3.09000 1.6474669401e-007
3.10000 1.7500288291e-007
3.11000 1.8589952379e-007
3.12000 1.9747652842e-007
3.13000 2.0977624860e-007
3.14000 2.2284361810e-007
3.15000 2.3672630209e-007
3.16000 2.5147485435e-007
3.17000 2.6714288264e-007
3.18000 2.8378722248e-007
3.19000 3.0146811980e-007
3.20000 3.2024942279e-007
3.21000 3.4019878324e-007
3.22000 3.6138786792e-007
3.23000 3.8389258016e-007
3.24000 4.0779329231e-007
3.25000 4.3317508924e-007
3.26000 4.6012802353e-007
3.27000 4.8874738261e-007
3.28000 5.1913396843e-007
3.29000 5.5139439014e-007
3.30000 5.8564137023e-007
3.31000 6.2199406459e-007
3.32000 6.6057839728e-007
3.33000 7.0152741024e-007
3.34000 7.4498162884e-007
3.35000 7.9108944372e-007
3.36000 8.4000750970e-007
3.37000 8.9190116240e-007
3.38000 9.4694485337e-007
3.39000 1.0053226046e-006
3.40000 1.0672284829e-006
3.41000 1.1328670962e-006
3.42000 1.2024541110e-006
3.43000 1.2762167935e-006
3.44000 1.3543945754e-006
3.45000 1.4372396449e-006
3.46000 1.5250175649e-006
3.47000 1.6180079198e-006
3.48000 1.7165049922e-006
3.49000 1.8208184719e-006
3.50000 1.9312741978e-006
3.51000 2.0482149366e-006
3.52000 2.1720011988e-006
3.53000 2.3030120948e-006
3.54000 2.4416462351e-006
3.55000 2.5883226745e-006
3.56000 2.7434819061e-006
3.57000 2.9075869068e-006
3.58000 3.0811242376e-006
3.59000 3.2646052035e-006
3.60000 3.4585670754e-006
3.61000 3.6635743795e-006
3.62000 3.8802202580e-006
3.63000 4.1091279055e-006
3.64000 4.3509520875e-006
3.65000 4.6063807446e-006
3.66000 4.8761366890e-006
3.67000 5.1609793999e-006
3.68000 5.4617069226e-006
3.69000 5.7791578793e-006
3.70000 6.1142135983e-006
3.71000 6.4678003683e-006
3.72000 6.8408918274e-006
3.73000 7.2345114925e-006
3.74000 7.6497354405e-006
3.75000 8.0876951479e-006
3.76000 8.5495805003e-006
3.77000 9.0366429803e-006
3.78000 9.5501990452e-006
3.79000 1.0091633705e-005
3.80000 1.0662404313e-005
3.81000 1.1264044578e-005
3.82000 1.1898168817e-005
3.83000 1.2566476453e-005
3.84000 1.3270756780e-005
3.85000 1.4012894001e-005
3.86000 1.4794872567e-005
3.87000 1.5618782815e-005
3.88000 1.6486826935e-005
3.89000 1.7401325282e-005
3.90000 1.8364723043e-005
3.91000 1.9379597284e-005
3.92000 2.0448664398e-005
3.93000 2.1574787965e-005
3.94000 2.2760987058e-005
3.95000 2.4010445008e-005
3.96000 2.5326518654e-005
3.97000 2.6712748096e-005
3.98000 2.8172866994e-005
3.99000 2.9710813413e-005
4.00000 3.1330741257e-005
4.01000 3.3037032324e-005
4.02000 3.4834308994e-005
4.03000 3.6727447591e-005
4.04000 3.8721592451e-005
4.05000 4.0822170718e-005
4.06000 4.3034907910e-005
4.07000 4.5365844286e-005
4.08000 4.7821352039e-005
4.09000 5.0408153365e-005
4.10000 5.3133339435e-005
4.11000 5.6004390300e-005
4.12000 5.9029195783e-005
4.13000 6.2216077380e-005
4.14000 6.5573811212e-005
4.15000 6.9111652071e-005
4.16000 7.2839358591e-005
4.17000 7.6767219589e-005
4.18000 8.0906081606e-005
4.19000 8.5267377694e-005
4.20000 8.9863157481e-005
4.21000 9.4706118556e-005
4.22000 9.9809639199e-005
4.23000 1.0518781251e-004
4.24000 1.1085548194e-004
4.25000 1.1682827830e-004
4.26000 1.2312265825e-004
4.27000 1.2975594427e-004
4.28000 1.3674636624e-004
4.29000 1.4411310448e-004
4.30000 1.5187633452e-004
4.31000 1.6005727337e-004
4.32000 1.6867822743e-004
4.33000 1.7776264213e-004
4.34000 1.8733515314e-004
4.35000 1.9742163927e-004
4.36000 2.0804927710e-004
4.37000 2.1924659722e-004
4.38000 2.3104354225e-004
4.39000 2.4347152647e-004
4.40000 2.5656349721e-004
4.41000 2.7035399793e-004
4.42000 2.8487923297e-004
4.43000 3.0017713408e-004
4.44000 3.1628742863e-004
4.45000 3.3325170947e-004
4.46000 3.5111350671e-004
4.47000 3.6991836107e-004
4.48000 3.8971389913e-004
4.49000 4.1054991039e-004
4.50000 4.3247842614e-004
4.51000 4.5555380034e-004
4.52000 4.7983279242e-004
4.53000 5.0537465226e-004
4.54000 5.3224120727e-004
4.55000 5.6049695191e-004
4.56000 5.9020913964e-004
4.57000 6.2144787749e-004
4.58000 6.5428622363e-004
4.59000 6.8880028796e-004
4.60000 7.2506933614e-004
4.61000 7.6317589723e-004
4.62000 8.0320587554e-004
4.63000 8.4524866672e-004
4.64000 8.8939727880e-004
4.65000 9.3574845849e-004
4.66000 9.8440282334e-004
4.67000 1.0354650002e-003
4.68000 1.0890437705e-003
4.69000 1.1452522237e-003
4.70000 1.2042079177e-003
4.71000 1.2660330498e-003
4.72000 1.3308546361e-003
4.73000 1.3988047018e-003
4.74000 1.4700204829e-003
4.75000 1.5446446397e-003
4.76000 1.6228254837e-003
4.77000 1.7047172174e-003
4.78000 1.7904801904e-003
4.79000 1.8802811694e-003
4.80000 1.9742936260e-003
4.81000 2.0726980418e-003
4.82000 2.1756822310e-003
4.83000 2.2834416838e-003
4.84000 2.3961799284e-003
4.85000 2.5141089155e-003
4.86000 2.6374494237e-003
4.87000 2.7664314882e-003
4.88000 2.9012948530e-003
4.89000 3.0422894471e-003
4.90000 3.1896758858e-003
4.91000 3.3437259982e-003
4.92000 3.5047233803e-003
4.93000 3.6729639752e-003
4.94000 3.8487566808e-003
4.95000 4.0324239848e-003
4.96000 4.2243026284e-003
4.97000 4.4247442981e-003
4.98000 4.6341163455e-003
4.99000 4.8528025370e-003
5.00000 5.0812038305e-003
5.01000 5.3197391822e-003
5.02000 5.5688463803e-003
5.03000 5.8289829071e-003
5.04000 6.1006268288e-003
5.05000 6.3842777107e-003
5.06000 6.6804575594e-003
5.07000 6.9897117885e-003
5.08000 7.3126102082e-003
5.09000 7.6497480367e-003
5.10000 8.0017469309e-003
5.11000 8.3692560358e-003
5.12000 8.7529530487e-003
5.13000 9.1535452958e-003
5.14000 9.5717708199e-003
5.15000 1.0008399472e-002
5.16000 1.0464234007e-002
5.17000 1.0940111177e-002
5.18000 1.1436902813e-002
5.19000 1.1955516904e-002
5.20000 1.2496898647e-002
5.21000 1.3062031477e-002
5.22000 1.3651938068e-002
5.23000 1.4267681286e-002
5.24000 1.4910365102e-002
5.25000 1.5581135442e-002
5.26000 1.6281180977e-002
5.27000 1.7011733826e-002
5.28000 1.7774070181e-002
5.29000 1.8569510826e-002
5.30000 1.9399421545e-002
5.31000 2.0265213412e-002
5.32000 2.1168342929e-002
5.33000 2.2110312031e-002
5.34000 2.3092667911e-002
5.35000 2.4117002671e-002
5.36000 2.5184952781e-002
5.37000 2.6298198329e-002
5.38000 2.7458462045e-002
5.39000 2.8667508093e-002
5.40000 2.9927140619e-002
5.41000 3.1239202024e-002
5.42000 3.2605570983e-002
5.43000 3.4028160166e-002
5.44000 3.5508913679e-002
5.45000 3.7049804205e-002
5.46000 3.8652829844e-002
5.47000 4.0320010651e-002
5.48000 4.2053384870e-002
5.49000 4.3855004878e-002
5.50000 4.5726932828e-002
5.51000 4.7671236020e-002
5.52000 4.9689982003e-002
5.53000 5.1785233435e-002
5.54000 5.3959042709e-002
5.55000 5.6213446387e-002
5.56000 5.8550459467e-002
5.57000 6.0972069507e-002
5.58000 6.3480230660e-002
5.59000 6.6076857647e-002
5.60000 6.8763819716e-002
5.61000 7.1542934642e-002
5.62000 7.4415962800e-002
5.63000 7.7384601373e-002
5.64000 8.0450478741e-002
5.65000 8.3615149098e-002
5.66000 8.6880087350e-002
5.67000 9.0246684342e-002
5.68000 9.3716242449e-002
5.69000 9.7289971574e-002
5.70000 1.0096898560e-001
5.71000 1.0475429932e-001
5.72000 1.0864682581e-001
5.73000 1.1264737443e-001
5.74000 1.1675664919e-001
5.75000 1.2097524777e-001
5.76000 1.2530366102e-001
5.77000 1.2974227284e-001
5.78000 1.3429136072e-001
5.79000 1.3895109657e-001
5.80000 1.4372154799e-001
5.81000 1.4860267986e-001
5.82000 1.5359435628e-001
5.83000 1.5869634266e-001
5.84000 1.6390830799e-001
5.85000 1.6922982725e-001
5.86000 1.7466038374e-001
5.87000 1.8019937145e-001
5.88000 1.8584609726e-001
5.89000 1.9159978294e-001
5.90000 1.9745956688e-001
5.91000 2.0342450554e-001
5.92000 2.0949357446e-001
5.93000 2.1566566888e-001
5.94000 2.2193960388e-001
5.95000 2.2831411398e-001
5.96000 2.3478785227e-001
5.97000 2.4135938894e-001
5.98000 2.4802720932e-001
5.99000 2.5478971131e-001
6.00000 2.6164520240e-001
6.01000 2.6859189609e-001
6.02000 2.7562790789e-001
6.03000 2.8275125103e-001
6.04000 2.8995983162e-001
6.05000 2.9725144376e-001
6.06000 3.0462376430e-001
6.07000 3.1207434756e-001
6.08000 3.1960062006e-001
6.09000 3.2719987522e-001
6.10000 3.3486926839e-001
6.11000 3.4260581203e-001
6.12000 3.5040637141e-001
6.13000 3.5826766067e-001
6.14000 3.6618623963e-001
6.15000 3.7415851123e-001
6.16000 3.8218071979e-001
6.17000 3.9024895022e-001
6.18000 3.9835912821e-001
6.19000 4.0650702148e-001
6.20000 4.1468824229e-001
6.21000 4.2289825105e-001
6.22000 4.3113236128e-001
6.23000 4.3938574591e-001
6.24000 4.4765344483e-001
6.25000 4.5593037391e-001
6.26000 4.6421133527e-001
6.27000 4.7249102893e-001
6.28000 4.8076406576e-001
6.29000 4.8902498162e-001
6.30000 4.9726825268e-001
6.31000 5.0548831186e-001
6.32000 5.1367956617e-001
6.33000 5.2183641496e-001
6.34000 5.2995326889e-001
6.35000 5.3802456941e-001
6.36000 5.4604480879e-001
6.37000 5.5400855028e-001
6.38000 5.6191044845e-001
6.39000 5.6974526939e-001
6.40000 5.7750791070e-001
6.41000 5.8519342099e-001
6.42000 5.9279701880e-001
6.43000 6.0031411075e-001
6.44000 6.0774030868e-001
6.45000 6.1507144579e-001
6.46000 6.2230359148e-001
6.47000 6.2943306487e-001
6.48000 6.3645644681e-001
6.49000 6.4337059034e-001
6.50000 6.5017262956e-001
6.51000 6.5685998671e-001
6.52000 6.6343037758e-001
6.53000 6.6988181516e-001
6.54000 6.7621261151e-001
6.55000 6.8242137787e-001
6.56000 6.8850702316e-001
6.57000 6.9446875069e-001
6.58000 7.0030605344e-001
6.59000 7.0601870770e-001
6.60000 7.1160676539e-001
6.61000 7.1707054506e-001
6.62000 7.2241062164e-001
6.63000 7.2762781523e-001
6.64000 7.3272317881e-001
6.65000 7.3769798525e-001
6.66000 7.4255371356e-001
6.67000 7.4729203461e-001
6.68000 7.5191479638e-001
6.69000 7.5642400897e-001
6.70000 7.6082182934e-001
6.71000 7.6511054606e-001
6.72000 7.6929256404e-001
6.73000 7.7337038940e-001
6.74000 7.7734661461e-001
6.75000 7.8122390389e-001
6.76000 7.8500497906e-001
6.77000 7.8869260582e-001
6.78000 7.9228958054e-001
6.79000 7.9579871768e-001
6.80000 7.9922283775e-001
6.81000 8.0256475600e-001
6.82000 8.0582727172e-001
6.83000 8.0901315828e-001
6.84000 8.1212515390e-001
6.85000 8.1516595308e-001
6.86000 8.1813819882e-001
6.87000 8.2104447556e-001
6.88000 8.2388730273e-001
6.89000 8.2666912914e-001
6.90000 8.2939232796e-001
6.91000 8.3205919243e-001
6.92000 8.3467193212e-001
6.93000 8.3723266996e-001
6.94000 8.3974343967e-001
6.95000 8.4220618395e-001
6.96000 8.4462275309e-001
6.97000 8.4699490412e-001
6.98000 8.4932430047e-001
6.99000 8.5161251203e-001
7.00000 8.5386101570e-001
7.01000 8.5607119625e-001
7.02000 8.5824434764e-001
7.03000 8.6038167461e-001
7.04000 8.6248429456e-001
7.05000 8.6455323982e-001
7.06000 8.6658946002e-001
7.07000 8.6859382483e-001
7.08000 8.7056712681e-001
7.09000 8.7251008448e-001
7.10000 8.7442334554e-001
7.11000 8.7630749021e-001
7.12000 8.7816303471e-001
7.13000 8.7999043479e-001
7.14000 8.8179008939e-001
7.15000 8.8356234429e-001
7.16000 8.8530749585e-001
7.17000 8.8702579472e-001
7.18000 8.8871744961e-001
7.19000 8.9038263096e-001
7.20000 8.9202147471e-001
7.21000 8.9363408590e-001
7.22000 8.9522054228e-001
7.23000 8.9678089786e-001
7.24000 8.9831518637e-001
7.25000 8.9982342461e-001
7.26000 9.0130561573e-001
7.27000 9.0276175242e-001
7.28000 9.0419181990e-001
7.29000 9.0559579892e-001
7.30000 9.0697366850e-001
7.31000 9.0832540863e-001
7.32000 9.0965100275e-001
7.33000 9.1095044016e-001
7.34000 9.1222371823e-001
7.35000 9.1347084448e-001
7.36000 9.1469183847e-001
7.37000 9.1588673360e-001
7.38000 9.1705557867e-001
7.39000 9.1819843936e-001
7.40000 9.1931539949e-001
7.41000 9.2040656213e-001
7.42000 9.2147205062e-001
7.43000 9.2251200933e-001
7.44000 9.2352660435e-001
7.45000 9.2451602403e-001
7.46000 9.2548047927e-001
7.47000 9.2642020384e-001
7.48000 9.2733545441e-001
7.49000 9.2822651055e-001
7.50000 9.2909367453e-001
7.51000 9.2993727106e-001
7.52000 9.3075764687e-001
7.53000 9.3155517022e-001
7.54000 9.3233023028e-001
7.55000 9.3308323645e-001
7.56000 9.3381461750e-001
7.57000 9.3452482079e-001
7.58000 9.3521431125e-001
7.59000 9.3588357038e-001
7.60000 9.3653309520e-001
7.61000 9.3716339709e-001
7.62000 9.3777500063e-001
7.63000 9.3836844240e-001
7.64000 9.3894426971e-001
7.65000 9.3950303932e-001
7.66000 9.4004531618e-001
7.67000 9.4057167211e-001
7.68000 9.4108268448e-001
7.69000 9.4157893490e-001
7.70000 9.4206100792e-001
7.71000 9.4252948970e-001
7.72000 9.4298496676e-001
7.73000 9.4342802471e-001
7.74000 9.4385924695e-001
7.75000 9.4427921352e-001
7.76000 9.4468849991e-001
7.77000 9.4508767585e-001
7.78000 9.4547730426e-001
7.79000 9.4585794014e-001
7.80000 9.4623012957e-001
7.81000 9.4659440872e-001
7.82000 9.4695130288e-001
7.83000 9.4730132565e-001
7.84000 9.4764497803e-001
7.85000 9.4798274770e-001
7.86000 9.4831510824e-001
7.87000 9.4864251851e-001
7.88000 9.4896542201e-001
7.89000 9.4928424629e-001
7.90000 9.4959940250e-001
7.91000 9.4991128489e-001
7.92000 9.5022027044e-001
7.93000 9.5052671851e-001
7.94000 9.5083097055e-001
7.95000 9.5113334987e-001
7.96000 9.5143416145e-001
7.97000 9.5173369183e-001
7.98000 9.5203220900e-001
7.99000 9.5232996239e-001
8.00000 9.5262718286e-001
8.01000 9.5292408281e-001
8.02000 9.5322085624e-001
8.03000 9.5351767890e-001
8.04000 9.5381470855e-001
8.05000 9.5411208508e-001
8.06000 9.5440993089e-001
8.07000 9.5470835112e-001
8.08000 9.5500743402e-001
8.09000 9.5530725133e-001
8.10000 9.5560785867e-001
8.11000 9.5590929598e-001
8.12000 9.5621158798e-001
8.13000 9.5651474466e-001
8.14000 9.5681876179e-001
8.15000 9.5712362144e-001
8.16000 9.5742929256e-001
8.17000 9.5773573149e-001
8.18000 9.5804288261e-001
8.19000 9.5835067893e-001
8.20000 9.5865904264e-001
8.21000 9.5896788583e-001
8.22000 9.5927711103e-001
8.23000 9.5958661189e-001
8.24000 9.5989627385e-001
8.25000 9.6020597473e-001
8.26000 9.6051558542e-001
8.27000 9.6082497051e-001
8.28000 9.6113398895e-001
8.29000 9.6144249470e-001
8.30000 9.6175033735e-001
8.31000 9.6205736279e-001
8.32000 9.6236341380e-001
8.33000 9.6266833070e-001
8.34000 9.6297195195e-001
8.35000 9.6327411474e-001
8.36000 9.6357465562e-001
8.37000 9.6387341102e-001
8.38000 9.6417021782e-001
8.39000 9.6446491395e-001
8.40000 9.6475733884e-001
8.41000 9.6504733399e-001
8.42000 9.6533474342e-001
8.43000 9.6561941418e-001
8.44000 9.6590119678e-001
8.45000 9.6617994563e-001
8.46000 9.6645551944e-001
8.47000 9.6672778164e-001
8.48000 9.6699660072e-001
8.49000 9.6726185058e-001
8.50000 9.6752341087e-001
8.51000 9.6778116725e-001
8.52000 9.6803501171e-001
8.53000 9.6828484280e-001
8.54000 9.6853056586e-001
8.55000 9.6877209322e-001
8.56000 9.6900934438e-001
8.57000 9.6924224618e-001
8.58000 9.6947073293e-001
8.59000 9.6969474649e-001
8.60000 9.6991423639e-001
8.61000 9.7012915989e-001
8.62000 9.7033948201e-001
8.63000 9.7054517553e-001
8.64000 9.7074622104e-001
8.65000 9.7094260686e-001
8.66000 9.7113432904e-001
8.67000 9.7132139125e-001
8.68000 9.7150380475e-001
8.69000 9.7168158824e-001
8.70000 9.7185476775e-001
8.71000 9.7202337653e-001
8.72000 9.7218745486e-001
8.73000 9.7234704988e-001
8.74000 9.7250221547e-001
8.75000 9.7265301194e-001
8.76000 9.7279950593e-001
8.77000 9.7294177007e-001
8.78000 9.7307988288e-001
8.79000 9.7321392840e-001
8.80000 9.7334399599e-001
8.81000 9.7347018006e-001
8.82000 9.7359257982e-001
8.83000 9.7371129894e-001
8.84000 9.7382644530e-001
8.85000 9.7393813072e-001
8.86000 9.7404647061e-001
8.87000 9.7415158374e-001
8.88000 9.7425359185e-001
8.89000 9.7435261942e-001
8.90000 9.7444879332e-001
8.91000 9.7454224256e-001
8.92000 9.7463309791e-001
8.93000 9.7472149163e-001
8.94000 9.7480755720e-001
8.95000 9.7489142897e-001
8.96000 9.7497324188e-001
8.97000 9.7505313120e-001
8.98000 9.7513123219e-001
8.99000 9.7520767984e-001
9.00000 9.7528260863e-001
9.01000 9.7535615219e-001
9.02000 9.7542844310e-001
9.03000 9.7549961258e-001
9.04000 9.7556979029e-001
9.05000 9.7563910406e-001
9.06000 9.7570767966e-001
9.07000 9.7577564059e-001
9.08000 9.7584310785e-001
9.09000 9.7591019975e-001
9.10000 9.7597703171e-001
9.11000 9.7604371606e-001
9.12000 9.7611036189e-001
9.13000 9.7617707486e-001
9.14000 9.7624395707e-001
9.15000 9.7631110689e-001
9.16000 9.7637861886e-001
9.17000 9.7644658354e-001
9.18000 9.7651508739e-001
9.19000 9.7658421269e-001
9.20000 9.7665403746e-001
9.21000 9.7672463535e-001
9.22000 9.7679607559e-001
9.23000 9.7686842290e-001
9.24000 9.7694173750e-001
9.25000 9.7701607501e-001
9.26000 9.7709148647e-001
9.27000 9.7716801828e-001
9.28000 9.7724571222e-001
9.29000 9.7732460545e-001
9.30000 9.7740473052e-001
9.31000 9.7748611536e-001
9.32000 9.7756878335e-001
9.33000 9.7765275334e-001
9.34000 9.7773803969e-001
9.35000 9.7782465233e-001
9.36000 9.7791259683e-001
9.37000 9.7800187446e-001
9.38000 9.7809248228e-001
9.39000 9.7818441320e-001
9.40000 9.7827765609e-001
9.41000 9.7837219588e-001
9.42000 9.7846801366e-001
9.43000 9.7856508678e-001
9.44000 9.7866338898e-001
9.45000 9.7876289050e-001
9.46000 9.7886355821e-001
9.47000 9.7896535575e-001
9.48000 9.7906824363e-001
9.49000 9.7917217941e-001
9.50000 9.7927711781e-001
9.51000 9.7938301088e-001
9.52000 9.7948980814e-001
9.53000 9.7959745669e-001
9.54000 9.7970590144e-001
9.55000 9.7981508519e-001
9.56000 9.7992494884e-001
9.57000 9.8003543149e-001
9.58000 9.8014647065e-001
9.59000 9.8025800240e-001
9.60000 9.8036996148e-001
9.61000 9.8048228152e-001
9.62000 9.8059489519e-001
9.63000 9.8070773430e-001
9.64000 9.8082073002e-001
9.65000 9.8093381301e-001
9.66000 9.8104691358e-001
9.67000 9.8115996181e-001
9.68000 9.8127288775e-001
9.69000 9.8138562153e-001
9.70000 9.8149809353e-001
9.71000 9.8161023449e-001
9.72000 9.8172197570e-001
9.73000 9.8183324906e-001
9.74000 9.8194398729e-001
9.75000 9.8205412402e-001
9.76000 9.8216359391e-001
9.77000 9.8227233280e-001
9.78000 9.8238027777e-001
9.79000 9.8248736734e-001
9.80000 9.8259354149e-001
9.81000 9.8269874182e-001
9.82000 9.8280291163e-001
9.83000 9.8290599600e-001
9.84000 9.8300794191e-001
9.85000 9.8310869831e-001
9.86000 9.8320821617e-001
9.87000 9.8330644860e-001
9.88000 9.8340335090e-001
9.89000 9.8349888062e-001
9.90000 9.8359299761e-001
9.91000 9.8368566409e-001
9.92000 9.8377684469e-001
9.93000 9.8386650648e-001
9.94000 9.8395461903e-001
9.95000 9.8404115443e-001
9.96000 9.8412608729e-001
9.97000 9.8420939483e-001
9.98000 9.8429105680e-001
9.99000 9.8437105558e-001
10.00000 9.8444937612e-001
10.01000 9.8452600597e-001
10.02000 9.8460093530e-001
10.03000 9.8467415682e-001
10.04000 9.8474566584e-001
10.05000 9.8481546018e-001
10.06000 9.8488354023e-001
10.07000 9.8494990885e-001
10.08000 9.8501457136e-001
10.09000 9.8507753551e-001
10.10000 9.8513881145e-001
10.11000 9.8519841167e-001
10.12000 9.8525635093e-001
10.13000 9.8531264626e-001
10.14000 9.8536731686e-001
10.15000 9.8542038407e-001
10.16000 9.8547187130e-001
10.17000 9.8552180393e-001
10.18000 9.8557020933e-001
10.19000 9.8561711669e-001
10.20000 9.8566255701e-001
10.21000 9.8570656301e-001
10.22000 9.8574916906e-001
10.23000 9.8579041107e-001
10.24000 9.8583032645e-001
10.25000 9.8586895402e-001
10.26000 9.8590633390e-001
10.27000 9.8594250745e-001
10.28000 9.8597751720e-001
10.29000 9.8601140672e-001
10.30000 9.8604422056e-001
10.31000 9.8607600416e-001
10.32000 9.8610680377e-001
10.33000 9.8613666634e-001
10.34000 9.8616563947e-001
10.35000 9.8619377127e-001
10.36000 9.8622111031e-001
10.37000 9.8624770555e-001
10.38000 9.8627360618e-001
10.39000 9.8629886162e-001
10.40000 9.8632352139e-001
10.41000 9.8634763502e-001
10.42000 9.8637125200e-001
10.43000 9.8639442168e-001
10.44000 9.8641719318e-001
10.45000 9.8643961531e-001
10.46000 9.8646173654e-001
10.47000 9.8648360486e-001
10.48000 9.8650526776e-001
10.49000 9.8652677211e-001
10.50000 9.8654816416e-001
10.51000 9.8656948938e-001
10.52000 9.8659079248e-001
10.53000 9.8661211731e-001
10.54000 9.8663350677e-001
10.55000 9.8665500283e-001
10.56000 9.8667664641e-001
10.57000 9.8669847732e-001
10.58000 9.8672053429e-001
10.59000 9.8674285481e-001
10.60000 9.8676547518e-001
10.61000 9.8678843042e-001
10.62000 9.8681175424e-001
10.63000 9.8683547900e-001
10.64000 9.8685963568e-001
10.65000 9.8688425385e-001
10.66000 9.8690936163e-001
10.67000 9.8693498568e-001
10.68000 9.8696115116e-001
10.69000 9.8698788173e-001
10.70000 9.8701519950e-001
10.71000 9.8704312505e-001
10.72000 9.8707167740e-001
10.73000 9.8710087400e-001
10.74000 9.8713073072e-001
10.75000 9.8716126184e-001
10.76000 9.8719248009e-001
10.77000 9.8722439658e-001
10.78000 9.8725702088e-001
10.79000 9.8729036094e-001
10.80000 9.8732442320e-001
10.81000 9.8735921250e-001
10.82000 9.8739473215e-001
10.83000 9.8743098395e-001
10.84000 9.8746796817e-001
10.85000 9.8750568358e-001
10.86000 9.8754412753e-001
10.87000 9.8758329585e-001
10.88000 9.8762318302e-001
10.89000 9.8766378207e-001
10.90000 9.8770508470e-001
10.91000 9.8774708127e-001
10.92000 9.8778976082e-001
10.93000 9.8783311114e-001
10.94000 9.8787711879e-001
10.95000 9.8792176912e-001
10.96000 9.8796704633e-001
10.97000 9.8801293351e-001
10.98000 9.8805941267e-001
10.99000 9.8810646477e-001
11.00000 9.8815406981e-001
11.01000 9.8820220682e-001
11.02000 9.8825085392e-001
11.03000 9.8829998842e-001
11.04000 9.8834958675e-001
11.05000 9.8839962464e-001
11.06000 9.8845007706e-001
11.07000 9.8850091836e-001
11.08000 9.8855212222e-001
11.09000 9.8860366179e-001
11.10000 9.8865550968e-001
11.11000 9.8870763803e-001
11.12000 9.8876001858e-001
11.13000 9.8881262266e-001
11.14000 9.8886542131e-001
11.15000 9.8891838530e-001
11.16000 9.8897148514e-001
11.17000 9.8902469120e-001
11.18000 9.8907797372e-001
11.19000 9.8913130284e-001
11.20000 9.8918464869e-001
11.21000 9.8923798140e-001
11.22000 9.8929127119e-001
11.23000 9.8934448835e-001
11.24000 9.8939760336e-001
11.25000 9.8945058688e-001
11.26000 9.8950340982e-001
11.27000 9.8955604335e-001
11.28000 9.8960845901e-001
11.29000 9.8966062867e-001
11.30000 9.8971252462e-001
11.31000 9.8976411960e-001
11.32000 9.8981538681e-001
11.33000 9.8986630001e-001
11.34000 9.8991683347e-001
11.35000 9.8996696206e-001
11.36000 9.9001666129e-001
11.37000 9.9006590731e-001
11.38000 9.9011467693e-001
11.39000 9.9016294771e-001
11.40000 9.9021069790e-001
11.41000 9.9025790655e-001
11.42000 9.9030455348e-001
11.43000 9.9035061932e-001
11.44000 9.9039608554e-001
11.45000 9.9044093444e-001
11.46000 9.9048514920e-001
11.47000 9.9052871390e-001
11.48000 9.9057161350e-001
11.49000 9.9061383388e-001
11.50000 9.9065536185e-001
11.51000 9.9069618515e-001
11.52000 9.9073629249e-001
11.53000 9.9077567351e-001
11.54000 9.9081431881e-001
11.55000 9.9085221997e-001
11.56000 9.9088936954e-001
11.57000 9.9092576103e-001
11.58000 9.9096138893e-001
11.59000 9.9099624869e-001
11.60000 9.9103033674e-001
11.61000 9.9106365047e-001
11.62000 9.9109618823e-001
11.63000 9.9112794931e-001
11.64000 9.9115893397e-001
11.65000 9.9118914338e-001
11.66000 9.9121857964e-001
11.67000 9.9124724579e-001
11.68000 9.9127514575e-001
11.69000 9.9130228432e-001
11.70000 9.9132866718e-001
11.71000 9.9135430087e-001
11.72000 9.9137919278e-001
11.73000 9.9140335109e-001
11.74000 9.9142678480e-001
11.75000 9.9144950370e-001
11.76000 9.9147151834e-001
11.77000 9.9149283998e-001
11.78000 9.9151348064e-001
11.79000 9.9153345300e-001
11.80000 9.9155277043e-001
11.81000 9.9157144692e-001
11.82000 9.9158949711e-001
11.83000 9.9160693621e-001
11.84000 9.9162378002e-001
11.85000 9.9164004485e-001
11.86000 9.9165574754e-001
11.87000 9.9167090542e-001
11.88000 9.9168553627e-001
11.89000 9.9169965829e-001
11.90000 9.9171329010e-001
11.91000 9.9172645067e-001
11.92000 9.9173915931e-001
11.93000 9.9175143567e-001
11.94000 9.9176329966e-001
11.95000 9.9177477144e-001
11.96000 9.9178587140e-001
11.97000 9.9179662013e-001
11.98000 9.9180703839e-001
11.99000 9.9181714705e-001
12.00000 9.9182696711e-001
12.01000 9.9183651964e-001
12.02000 9.9184582576e-001
12.03000 9.9185490660e-001
12.04000 9.9186378330e-001
12.05000 9.9187247697e-001
12.06000 9.9188100862e-001
12.07000 9.9188939920e-001
12.08000 9.9189766954e-001
12.09000 9.9190584032e-001
12.10000 9.9191393206e-001
12.11000 9.9192196508e-001
12.12000 9.9192995947e-001
12.13000 9.9193793511e-001
12.14000 9.9194591158e-001
12.15000 9.9195390819e-001
12.16000 9.9196194392e-001
12.17000 9.9197003746e-001
12.18000 9.9197820709e-001
12.19000 9.9198647076e-001
12.20000 9.9199484601e-001
12.21000 9.9200334995e-001
12.22000 9.9201199931e-001
12.23000 9.9202081031e-001
12.24000 9.9202979876e-001
12.25000 9.9203897997e-001
12.26000 9.9204836874e-001
12.27000 9.9205797938e-001
12.28000 9.9206782569e-001
12.29000 9.9207792090e-001
12.30000 9.9208827774e-001
12.31000 9.9209890834e-001
12.32000 9.9210982430e-001
12.33000 9.9212103662e-001
12.34000 9.9213255574e-001
12.35000 9.9214439149e-001
12.36000 9.9215655310e-001
12.37000 9.9216904922e-001
12.38000 9.9218188787e-001
12.39000 9.9219507647e-001
12.40000 9.9220862183e-001
12.41000 9.9222253013e-001
12.42000 9.9223680694e-001
12.43000 9.9225145720e-001
12.44000 9.9226648525e-001
12.45000 9.9228189479e-001
12.46000 9.9229768892e-001
12.47000 9.9231387011e-001
12.48000 9.9233044023e-001
12.49000 9.9234740055e-001
12.50000 9.9236475171e-001
12.51000 9.9238249377e-001
12.52000 9.9240062621e-001
12.53000 9.9241914790e-001
12.54000 9.9243805715e-001
12.55000 9.9245735168e-001
12.56000 9.9247702867e-001
12.57000 9.9249708475e-001
12.58000 9.9251751599e-001
12.59000 9.9253831794e-001
12.60000 9.9255948562e-001
12.61000 9.9258101355e-001
12.62000 9.9260289575e-001
12.63000 9.9262512575e-001
12.64000 9.9264769662e-001
12.65000 9.9267060096e-001
12.66000 9.9269383094e-001
12.67000 9.9271737827e-001
12.68000 9.9274123427e-001
12.69000 9.9276538985e-001
12.70000 9.9278983555e-001
12.71000 9.9281456152e-001
12.72000 9.9283955756e-001
12.73000 9.9286481314e-001
12.74000 9.9289031739e-001
12.75000 9.9291605918e-001
12.76000 9.9294202704e-001
12.77000 9.9296820925e-001
12.78000 9.9299459385e-001
12.79000 9.9302116863e-001
12.80000 9.9304792117e-001
12.81000 9.9307483883e-001
12.82000 9.9310190880e-001
12.83000 9.9312911812e-001
12.84000 9.9315645366e-001
12.85000 9.9318390217e-001
12.86000 9.9321145027e-001
12.87000 9.9323908451e-001
12.88000 9.9326679136e-001
12.89000 9.9329455722e-001
12.90000 9.9332236844e-001
12.91000 9.9335021136e-001
12.92000 9.9337807231e-001
12.93000 9.9340593764e-001
12.94000 9.9343379369e-001
12.95000 9.9346162687e-001
12.96000 9.9348942366e-001
12.97000 9.9351717059e-001
12.98000 9.9354485429e-001
12.99000 9.9357246150e-001
13.00000 9.9359997907e-001
13.01000 9.9362739401e-001
13.02000 9.9365469347e-001
13.03000 9.9368186475e-001
13.04000 9.9370889535e-001
13.05000 9.9373577296e-001
13.06000 9.9376248548e-001
13.07000 9.9378902103e-001
13.08000 9.9381536795e-001
13.09000 9.9384151484e-001
13.10000 9.9386745055e-001
13.11000 9.9389316419e-001
13.12000 9.9391864518e-001
13.13000 9.9394388320e-001
13.14000 9.9396886824e-001
13.15000 9.9399359060e-001
13.16000 9.9401804088e-001
13.17000 9.9404221005e-001
13.18000 9.9406608938e-001
13.19000 9.9408967048e-001
13.20000 9.9411294534e-001
13.21000 9.9413590628e-001
13.22000 9.9415854599e-001
13.23000 9.9418085754e-001
13.24000 9.9420283437e-001
13.25000 9.9422447029e-001
13.26000 9.9424575949e-001
13.27000 9.9426669658e-001
13.28000 9.9428727651e-001
13.29000 9.9430749467e-001
13.30000 9.9432734682e-001
13.31000 9.9434682913e-001
13.32000 9.9436593815e-001
13.33000 9.9438467085e-001
13.34000 9.9440302459e-001
13.35000 9.9442099714e-001
13.36000 9.9443858665e-001
13.37000 9.9445579170e-001
13.38000 9.9447261124e-001
13.39000 9.9448904461e-001
13.40000 9.9450509158e-001
13.41000 9.9452075228e-001
13.42000 9.9453602722e-001
13.43000 9.9455091733e-001
13.44000 9.9456542388e-001
13.45000 9.9457954854e-001
13.46000 9.9459329335e-001
13.47000 9.9460666069e-001
13.48000 9.9461965332e-001
13.49000 9.9463227436e-001
13.50000 9.9464452726e-001
13.51000 9.9465641582e-001
13.52000 9.9466794418e-001
13.53000 9.9467911678e-001
13.54000 9.9468993841e-001
13.55000 9.9470041416e-001
13.56000 9.9471054941e-001
13.57000 9.9472034985e-001
13.58000 9.9472982145e-001
13.59000 9.9473897047e-001
13.60000 9.9474780340e-001
13.61000 9.9475632703e-001
13.62000 9.9476454838e-001
13.63000 9.9477247471e-001
13.64000 9.9478011351e-001
13.65000 9.9478747249e-001
13.66000 9.9479455958e-001
13.67000 9.9480138287e-001
13.68000 9.9480795069e-001
13.69000 9.9481427150e-001
13.70000 9.9482035396e-001
13.71000 9.9482620688e-001
13.72000 9.9483183919e-001
13.73000 9.9483725999e-001
13.74000 9.9484247847e-001
13.75000 9.9484750395e-001
13.76000 9.9485234586e-001
13.77000 9.9485701369e-001
13.78000 9.9486151704e-001
13.79000 9.9486586555e-001
13.80000 9.9487006894e-001
13.81000 9.9487413696e-001
13.82000 9.9487807940e-001
13.83000 9.9488190608e-001
13.84000 9.9488562682e-001
13.85000 9.9488925145e-001
13.86000 9.9489278978e-001
13.87000 9.9489625164e-001
13.88000 9.9489964678e-001
13.89000 9.9490298493e-001
13.90000 9.9490627579e-001
13.91000 9.9490952898e-001
13.92000 9.9491275405e-001
13.93000 9.9491596048e-001
13.94000 9.9491915765e-001
13.95000 9.9492235486e-001
13.96000 9.9492556129e-001
13.97000 9.9492878600e-001
13.98000 9.9493203795e-001
13.99000 9.9493532592e-001
14.00000 9.9493865861e-001
14.01000 9.9494204453e-001
14.02000 9.9494549203e-001
14.03000 9.9494900932e-001
14.04000 9.9495260442e-001
14.05000 9.9495628518e-001
14.06000 9.9496005927e-001
14.07000 9.9496393415e-001
14.08000 9.9496791709e-001
14.09000 9.9497201516e-001
14.10000 9.9497623521e-001
14.11000 9.9498058389e-001
14.12000 9.9498506762e-001
14.13000 9.9498969258e-001
14.14000 9.9499446474e-001
14.15000 9.9499938983e-001
14.16000 9.9500447334e-001
14.17000 9.9500972052e-001
14.18000 9.9501513636e-001
14.19000 9.9502072562e-001
14.20000 9.9502649280e-001
14.21000 9.9503244214e-001
14.22000 9.9503857762e-001
14.23000 9.9504490299e-001
14.24000 9.9505142169e-001
14.25000 9.9505813695e-001
14.26000 9.9506505170e-001
14.27000 9.9507216862e-001
14.28000 9.9507949012e-001
14.29000 9.9508701836e-001
14.30000 9.9509475520e-001
14.31000 9.9510270228e-001
14.32000 9.9511086093e-001
14.33000 9.9511923227e-001
14.34000 9.9512781709e-001
14.35000 9.9513661599e-001
14.36000 9.9514562925e-001
14.37000 9.9515485694e-001
14.38000 9.9516429883e-001
14.39000 9.9517395447e-001
14.40000 9.9518382316e-001
14.41000 9.9519390391e-001
14.42000 9.9520419555e-001
14.43000 9.9521469660e-001
14.44000 9.9522540540e-001
14.45000 9.9523632001e-001
14.46000 9.9524743829e-001
14.47000 9.9525875787e-001
14.48000 9.9527027613e-001
14.49000 9.9528199027e-001
14.50000 9.9529389726e-001
14.51000 9.9530599384e-001
14.52000 9.9531827660e-001
14.53000 9.9533074187e-001
14.54000 9.9534338583e-001
14.55000 9.9535620446e-001
14.56000 9.9536919355e-001
14.57000 9.9538234873e-001
14.58000 9.9539566545e-001
14.59000 9.9540913900e-001
14.60000 9.9542276450e-001
14.61000 9.9543653694e-001
14.62000 9.9545045115e-001
14.63000 9.9546450182e-001
14.64000 9.9547868352e-001
14.65000 9.9549299067e-001
14.66000 9.9550741761e-001
14.67000 9.9552195853e-001
14.68000 9.9553660752e-001
14.69000 9.9555135860e-001
14.70000 9.9556620568e-001
14.71000 9.9558114257e-001
14.72000 9.9559616301e-001
14.73000 9.9561126069e-001
14.74000 9.9562642923e-001
14.75000 9.9564166215e-001
14.76000 9.9565695298e-001
14.77000 9.9567229518e-001
14.78000 9.9568768216e-001
14.79000 9.9570310733e-001
14.80000 9.9571856404e-001
14.81000 9.9573404567e-001
14.82000 9.9574954556e-001
14.83000 9.9576505706e-001
14.84000 9.9578057351e-001
14.85000 9.9579608828e-001
14.86000 9.9581159476e-001
14.87000 9.9582708634e-001
14.88000 9.9584255647e-001
14.89000 9.9585799861e-001
14.90000 9.9587340628e-001
14.91000 9.9588877306e-001
14.92000 9.9590409256e-001
14.93000 9.9591935848e-001
14.94000 9.9593456456e-001
14.95000 9.9594970463e-001
14.96000 9.9596477259e-001
14.97000 9.9597976244e-001
14.98000 9.9599466827e-001
14.99000 9.9600948423e-001
15.00000 9.9602420462e-001
15.01000 9.9603882381e-001
15.02000 9.9605333629e-001
15.03000 9.9606773667e-001
15.04000 9.9608201968e-001
15.05000 9.9609618016e-001
15.06000 9.9611021310e-001
15.07000 9.9612411361e-001
15.08000 9.9613787692e-001
15.09000 9.9615149843e-001
15.10000 9.9616497367e-001
15.11000 9.9617829831e-001
15.12000 9.9619146818e-001
15.13000 9.9620447925e-001
15.14000 9.9621732766e-001
15.15000 9.9623000970e-001
15.16000 9.9624252183e-001
15.17000 9.9625486066e-001
15.18000 9.9626702297e-001
15.19000 9.9627900572e-001
15.20000 9.9629080603e-001
15.21000 9.9630242119e-001
15.22000 9.9631384865e-001
15.23000 9.9632508607e-001
15.24000 9.9633613124e-001
15.25000 9.9634698217e-001
15.26000 9.9635763700e-001
15.27000 9.9636809409e-001
15.28000 9.9637835196e-001
15.29000 9.9638840930e-001
15.30000 9.9639826498e-001
15.31000 9.9640791807e-001
15.32000 9.9641736779e-001
15.33000 9.9642661355e-001
15.34000 9.9643565493e-001
15.35000 9.9644449170e-001
15.36000 9.9645312379e-001
15.37000 9.9646155130e-001
15.38000 9.9646977453e-001
15.39000 9.9647779391e-001
15.40000 9.9648561007e-001
15.41000 9.9649322380e-001
15.42000 9.9650063606e-001
15.43000 9.9650784796e-001
15.44000 9.9651486078e-001
15.45000 9.9652167597e-001
15.46000 9.9652829512e-001
15.47000 9.9653471998e-001
15.48000 9.9654095245e-001
15.49000 9.9654699460e-001
15.50000 9.9655284860e-001
15.51000 9.9655851682e-001
15.52000 9.9656400173e-001
15.53000 9.9656930595e-001
15.54000 9.9657443223e-001
15.55000 9.9657938345e-001
15.56000 9.9658416262e-001
15.57000 9.9658877287e-001
15.58000 9.9659321746e-001
15.59000 9.9659749975e-001
15.60000 9.9660162322e-001
15.61000 9.9660559145e-001
15.62000 9.9660940813e-001
15.63000 9.9661307705e-001
15.64000 9.9661660209e-001
15.65000 9.9661998724e-001
15.66000 9.9662323653e-001
15.67000 9.9662635414e-001
15.68000 9.9662934427e-001
15.69000 9.9663221123e-001
15.70000 9.9663495937e-001
15.71000 9.9663759314e-001
15.72000 9.9664011702e-001
15.73000 9.9664253555e-001
15.74000 9.9664485335e-001
15.75000 9.9664707505e-001
15.76000 9.9664920535e-001
15.77000 9.9665124897e-001
15.78000 9.9665321068e-001
15.79000 9.9665509526e-001
15.80000 9.9665690753e-001
15.81000 9.9665865232e-001
15.82000 9.9666033448e-001
15.83000 9.9666195888e-001
15.84000 9.9666353038e-001
15.85000 9.9666505385e-001
15.86000 9.9666653416e-001
15.87000 9.9666797617e-001
15.88000 9.9666938473e-001
15.89000 9.9667076468e-001
15.90000 9.9667212084e-001
15.91000 9.9667345799e-001
15.92000 9.9667478090e-001
15.93000 9.9667609431e-001
15.94000 9.9667740290e-001
15.95000 9.9667871136e-001
15.96000 9.9668002428e-001
15.97000 9.9668134624e-001
15.98000 9.9668268175e-001
15.99000 9.9668403527e-001
16.00000 9.9668541122e-001
16.01000 9.9668681393e-001
16.02000 9.9668824768e-001
16.03000 9.9668971669e-001
16.04000 9.9669122508e-001
16.05000 9.9669277693e-001
16.06000 9.9669437621e-001
16.07000 9.9669602685e-001
16.08000 9.9669773264e-001
16.09000 9.9669949733e-001
16.10000 9.9670132457e-001
16.11000 9.9670321791e-001
16.12000 9.9670518081e-001
16.13000 9.9670721662e-001
16.14000 9.9670932863e-001
16.15000 9.9671151998e-001
16.16000 9.9671379375e-001
16.17000 9.9671615288e-001
16.18000 9.9671860022e-001
16.19000 9.9672113852e-001
16.20000 9.9672377039e-001
16.21000 9.9672649838e-001
16.22000 9.9672932486e-001
16.23000 9.9673225214e-001
16.24000 9.9673528239e-001
16.25000 9.9673841767e-001
16.26000 9.9674165991e-001
16.27000 9.9674501095e-001
16.28000 9.9674847246e-001
16.29000 9.9675204606e-001
16.30000 9.9675573318e-001
16.31000 9.9675953517e-001
16.32000 9.9676345326e-001
16.33000 9.9676748853e-001
16.34000 9.9677164196e-001
16.35000 9.9677591441e-001
16.36000 9.9678030661e-001
16.37000 9.9678481917e-001
16.38000 9.9678945258e-001
16.39000 9.9679420720e-001
16.40000 9.9679908330e-001
16.41000 9.9680408098e-001
16.42000 9.9680920028e-001
16.43000 9.9681444108e-001
16.44000 9.9681980315e-001
16.45000 9.9682528616e-001
16.46000 9.9683088965e-001
16.47000 9.9683661304e-001
16.48000 9.9684245567e-001
16.49000 9.9684841674e-001
16.50000 9.9685449534e-001
16.51000 9.9686069046e-001
16.52000 9.9686700099e-001
16.53000 9.9687342570e-001
16.54000 9.9687996327e-001
16.55000 9.9688661227e-001
16.56000 9.9689337118e-001
16.57000 9.9690023837e-001
16.58000 9.9690721212e-001
16.59000 9.9691429063e-001
16.60000 9.9692147199e-001
16.61000 9.9692875420e-001
16.62000 9.9693613519e-001
16.63000 9.9694361280e-001
16.64000 9.9695118478e-001
16.65000 9.9695884881e-001
16.66000 9.9696660249e-001
16.67000 9.9697444335e-001
16.68000 9.9698236884e-001
16.69000 9.9699037634e-001
16.70000 9.9699846317e-001
16.71000 9.9700662659e-001
16.72000 9.9701486380e-001
16.73000 9.9702317193e-001
16.74000 9.9703154806e-001
16.75000 9.9703998922e-001
16.76000 9.9704849240e-001
16.77000 9.9705705452e-001
16.78000 9.9706567248e-001
16.79000 9.9707434312e-001
16.80000 9.9708306325e-001
16.81000 9.9709182966e-001
16.82000 9.9710063908e-001
16.83000 9.9710948824e-001
16.84000 9.9711837382e-001
16.85000 9.9712729249e-001
16.86000 9.9713624089e-001
16.87000 9.9714521565e-001
16.88000 9.9715421340e-001
16.89000 9.9716323073e-001
16.90000 9.9717226424e-001
16.91000 9.9718131053e-001
16.92000 9.9719036617e-001
16.93000 9.9719942776e-001
16.94000 9.9720849189e-001
16.95000 9.9721755516e-001
16.96000 9.9722661418e-001
16.97000 9.9723566556e-001
16.98000 9.9724470594e-001
16.99000 9.9725373197e-001
17.00000 9.9726274031e-001
17.01000 9.9727172768e-001
17.02000 9.9728069077e-001
17.03000 9.9728962634e-001
17.04000 9.9729853116e-001
17.05000 9.9730740205e-001
17.06000 9.9731623585e-001
17.07000 9.9732502944e-001
17.08000 9.9733377974e-001
17.09000 9.9734248372e-001
17.10000 9.9735113839e-001
17.11000 9.9735974081e-001
17.12000 9.9736828808e-001
17.13000 9.9737677735e-001
17.14000 9.9738520584e-001
17.15000 9.9739357081e-001
17.16000 9.9740186959e-001
17.17000 9.9741009955e-001
17.18000 9.9741825814e-001
17.19000 9.9742634285e-001
17.20000 9.9743435127e-001
17.21000 9.9744228101e-001
17.22000 9.9745012979e-001
17.23000 9.9745789537e-001
17.24000 9.9746557560e-001
17.25000 9.9747316838e-001
17.26000 9.9748067171e-001
17.27000 9.9748808363e-001
17.28000 9.9749540228e-001
17.29000 9.9750262588e-001
17.30000 9.9750975271e-001
17.31000 9.9751678114e-001
17.32000 9.9752370960e-001
17.33000 9.9753053664e-001
17.34000 9.9753726085e-001
17.35000 9.9754388092e-001
17.36000 9.9755039562e-001
17.37000 9.9755680380e-001
17.38000 9.9756310439e-001
17.39000 9.9756929641e-001
17.40000 9.9757537897e-001
17.41000 9.9758135124e-001
17.42000 9.9758721251e-001
17.43000 9.9759296211e-001
17.44000 9.9759859948e-001
17.45000 9.9760412416e-001
17.46000 9.9760953574e-001
17.47000 9.9761483392e-001
17.48000 9.9762001846e-001
17.49000 9.9762508922e-001
17.50000 9.9763004614e-001
17.51000 9.9763488924e-001
17.52000 9.9763961863e-001
17.53000 9.9764423449e-001
17.54000 9.9764873709e-001
17.55000 9.9765312677e-001
17.56000 9.9765740396e-001
17.57000 9.9766156915e-001
17.58000 9.9766562295e-001
17.59000 9.9766956600e-001
17.60000 9.9767339904e-001
17.61000 9.9767712287e-001
17.62000 9.9768073839e-001
17.63000 9.9768424655e-001
17.64000 9.9768764837e-001
17.65000 9.9769094496e-001
17.66000 9.9769413749e-001
17.67000 9.9769722718e-001
17.68000 9.9770021534e-001
17.69000 9.9770310335e-001
17.70000 9.9770589262e-001
17.71000 9.9770858465e-001
17.72000 9.9771118100e-001
17.73000 9.9771368328e-001
17.74000 9.9771609316e-001
17.75000 9.9771841236e-001
17.76000 9.9772064266e-001
17.77000 9.9772278591e-001
17.78000 9.9772484397e-001
17.79000 9.9772681879e-001
17.80000 9.9772871234e-001
17.81000 9.9773052665e-001
17.82000 9.9773226379e-001
17.83000 9.9773392587e-001
17.84000 9.9773551503e-001
17.85000 9.9773703348e-001
17.86000 9.9773848342e-001
17.87000 9.9773986713e-001
17.88000 9.9774118690e-001
17.89000 9.9774244503e-001
17.90000 9.9774364390e-001
17.91000 9.9774478587e-001
17.92000 9.9774587334e-001
17.93000 9.9774690873e-001
17.94000 9.9774789451e-001
17.95000 9.9774883311e-001
17.96000 9.9774972703e-001
17.97000 9.9775057875e-001
17.98000 9.9775139079e-001
17.99000 9.9775216566e-001
18.00000 9.9775290589e-001
18.01000 9.9775361401e-001
18.02000 9.9775429255e-001
18.03000 9.9775494406e-001
18.04000 9.9775557107e-001
18.05000 9.9775617613e-001
18.06000 9.9775676178e-001
18.07000 9.9775733053e-001
18.08000 9.9775788493e-001
18.09000 9.9775842748e-001
18.10000 9.9775896070e-001
18.11000 9.9775948706e-001
18.12000 9.9776000907e-001
18.13000 9.9776052916e-001
18.14000 9.9776104980e-001
18.15000 9.9776157341e-001
18.16000 9.9776210238e-001
18.17000 9.9776263912e-001
18.18000 9.9776318596e-001
18.19000 9.9776374526e-001
18.20000 9.9776431929e-001
18.21000 9.9776491035e-001
18.22000 9.9776552068e-001
18.23000 9.9776615249e-001
18.24000 9.9776680795e-001
18.25000 9.9776748921e-001
18.26000 9.9776819838e-001
18.27000 9.9776893752e-001
18.28000 9.9776970866e-001
18.29000 9.9777051379e-001
18.30000 9.9777135486e-001
18.31000 9.9777223377e-001
18.32000 9.9777315238e-001
18.33000 9.9777411252e-001
18.34000 9.9777511593e-001
18.35000 9.9777616435e-001
18.36000 9.9777725944e-001
18.37000 9.9777840284e-001
18.38000 9.9777959611e-001
18.39000 9.9778084078e-001
18.40000 9.9778213832e-001
18.41000 9.9778349013e-001
18.42000 9.9778489760e-001
18.43000 9.9778636203e-001
18.44000 9.9778788466e-001
18.45000 9.9778946671e-001
18.46000 9.9779110932e-001
18.47000 9.9779281357e-001
18.48000 9.9779458050e-001
18.49000 9.9779641107e-001
18.50000 9.9779830621e-001
18.51000 9.9780026677e-001
18.52000 9.9780229355e-001
18.53000 9.9780438729e-001
18.54000 9.9780654868e-001
18.55000 9.9780877833e-001
18.56000 9.9781107681e-001
18.57000 9.9781344463e-001
18.58000 9.9781588222e-001
18.59000 9.9781838999e-001
18.60000 9.9782096825e-001
18.61000 9.9782361727e-001
18.62000 9.9782633727e-001
18.63000 9.9782912840e-001
18.64000 9.9783199074e-001
18.65000 9.9783492434e-001
18.66000 9.9783792917e-001
18.67000 9.9784100515e-001
18.68000 9.9784415214e-001
18.69000 9.9784736996e-001
18.70000 9.9785065834e-001
18.71000 9.9785401700e-001
18.72000 9.9785744555e-001
18.73000 9.9786094360e-001
18.74000 9.9786451067e-001
18.75000 9.9786814624e-001
18.76000 9.9787184974e-001
18.77000 9.9787562053e-001
18.78000 9.9787945795e-001
18.79000 9.9788336126e-001
18.80000 9.9788732970e-001
18.81000 9.9789136242e-001
18.82000 9.9789545857e-001
18.83000 9.9789961722e-001
18.84000 9.9790383741e-001
18.85000 9.9790811812e-001
18.86000 9.9791245831e-001
18.87000 9.9791685687e-001
18.88000 9.9792131267e-001
18.89000 9.9792582452e-001
18.90000 9.9793039121e-001
18.91000 9.9793501149e-001
18.92000 9.9793968405e-001
18.93000 9.9794440756e-001
18.94000 9.9794918067e-001
18.95000 9.9795400195e-001
18.96000 9.9795886999e-001
18.97000 9.9796378333e-001
18.98000 9.9796874046e-001
18.99000 9.9797373986e-001
19.00000 9.9797877998e-001
19.01000 9.9798385925e-001
19.02000 9.9798897605e-001
19.03000 9.9799412877e-001
19.04000 9.9799931575e-001
19.05000 9.9800453532e-001
19.06000 9.9800978580e-001
19.07000 9.9801506546e-001
19.08000 9.9802037260e-001
19.09000 9.9802570545e-001
19.10000 9.9803106228e-001
19.11000 9.9803644130e-001
19.12000 9.9804184073e-001
19.13000 9.9804725877e-001
19.14000 9.9805269364e-001
19.15000 9.9805814352e-001
19.16000 9.9806360659e-001
19.17000 9.9806908103e-001
19.18000 9.9807456501e-001
19.19000 9.9808005670e-001
19.20000 9.9808555428e-001
19.21000 9.9809105591e-001
19.22000 9.9809655977e-001
19.23000 9.9810206403e-001
19.24000 9.9810756688e-001
19.25000 9.9811306648e-001
19.26000 9.9811856104e-001
19.27000 9.9812404874e-001
19.28000 9.9812952780e-001
19.29000 9.9813499644e-001
19.30000 9.9814045287e-001
19.31000 9.9814589535e-001
19.32000 9.9815132212e-001
19.33000 9.9815673146e-001
19.34000 9.9816212165e-001
19.35000 9.9816749099e-001
19.36000 9.9817283780e-001
19.37000 9.9817816043e-001
19.38000 9.9818345723e-001
19.39000 9.9818872659e-001
19.40000 9.9819396691e-001
19.41000 9.9819917661e-001
19.42000 9.9820435416e-001
19.43000 9.9820949803e-001
19.44000 9.9821460672e-001
19.45000 9.9821967876e-001
19.46000 9.9822471272e-001
19.47000 9.9822970719e-001
19.48000 9.9823466077e-001
19.49000 9.9823957213e-001
19.50000 9.9824443994e-001
19.51000 9.9824926292e-001
19.52000 9.9825403981e-001
19.53000 9.9825876940e-001
19.54000 9.9826345049e-001
19.55000 9.9826808193e-001
19.56000 9.9827266262e-001
19.57000 9.9827719147e-001
19.58000 9.9828166743e-001
19.59000 9.9828608952e-001
19.60000 9.9829045675e-001
19.61000 9.9829476819e-001
19.62000 9.9829902297e-001
19.63000 9.9830322023e-001
19.64000 9.9830735915e-001
19.65000 9.9831143897e-001
19.66000 9.9831545894e-001
19.67000 9.9831941840e-001
19.68000 9.9832331668e-001
19.69000 9.9832715316e-001
19.70000 9.9833092730e-001
19.71000 9.9833463856e-001
19.72000 9.9833828646e-001
19.73000 9.9834187055e-001
19.74000 9.9834539043e-001
19.75000 9.9834884575e-001
19.76000 9.9835223618e-001
19.77000 9.9835556146e-001
19.78000 9.9835882134e-001
19.79000 9.9836201564e-001
19.80000 9.9836514420e-001
19.81000 9.9836820693e-001
19.82000 9.9837120375e-001
19.83000 9.9837413464e-001
19.84000 9.9837699961e-001
19.85000 9.9837979872e-001
19.86000 9.9838253207e-001
19.87000 9.9838519979e-001
19.88000 9.9838780208e-001
19.89000 9.9839033913e-001
19.90000 9.9839281122e-001
19.91000 9.9839521863e-001
19.92000 9.9839756170e-001
19.93000 9.9839984082e-001
19.94000 9.9840205638e-001
19.95000 9.9840420885e-001
19.96000 9.9840629869e-001
19.97000 9.9840832645e-001
19.98000 9.9841029267e-001
19.99000 9.9841219795e-001
20.00000 9.9841404292e-001
20.01000 9.9841582823e-001
20.02000 9.9841755460e-001
20.03000 9.9841922274e-001
20.04000 9.9842083342e-001
20.05000 9.9842238743e-001
20.06000 9.9842388559e-001
20.07000 9.9842532876e-001
20.08000 9.9842671782e-001
20.09000 9.9842805370e-001
20.10000 9.9842933731e-001
20.11000 9.9843056963e-001
20.12000 9.9843175167e-001
20.13000 9.9843288443e-001
20.14000 9.9843396897e-001
20.15000 9.9843500634e-001
20.16000 9.9843599765e-001
20.17000 9.9843694400e-001
20.18000 9.9843784654e-001
20.19000 9.9843870642e-001
20.20000 9.9843952481e-001
20.21000 9.9844030292e-001
20.22000 9.9844104195e-001
20.23000 9.9844174314e-001
20.24000 9.9844240774e-001
20.25000 9.9844303700e-001
20.26000 9.9844363221e-001
20.27000 9.9844419465e-001
20.28000 9.9844472563e-001
20.29000 9.9844522646e-001
20.30000 9.9844569847e-001
20.31000 9.9844614300e-001
20.32000 9.9844656139e-001
20.33000 9.9844695499e-001
20.34000 9.9844732517e-001
20.35000 9.9844767328e-001
20.36000 9.9844800071e-001
20.37000 9.9844830882e-001
20.38000 9.9844859901e-001
20.39000 9.9844887264e-001
20.40000 9.9844913111e-001
20.41000 9.9844937579e-001
20.42000 9.9844960807e-001
20.43000 9.9844982935e-001
20.44000 9.9845004099e-001
20.45000 9.9845024437e-001
20.46000 9.9845044088e-001
20.47000 9.9845063188e-001
20.48000 9.9845081873e-001
20.49000 9.9845100281e-001
20.50000 9.9845118544e-001
20.51000 9.9845136799e-001
20.52000 9.9845155178e-001
20.53000 9.9845173814e-001
20.54000 9.9845192838e-001
20.55000 9.9845212382e-001
20.56000 9.9845232573e-001
20.57000 9.9845253541e-001
20.58000 9.9845275410e-001
20.59000 9.9845298307e-001
20.60000 9.9845322355e-001
20.61000 9.9845347677e-001
20.62000 9.9845374391e-001
20.63000 9.9845402618e-001
20.64000 9.9845432474e-001
20.65000 9.9845464075e-001
20.66000 9.9845497533e-001
20.67000 9.9845532959e-001
20.68000 9.9845570462e-001
20.69000 9.9845610151e-001
20.70000 9.9845652129e-001
20.71000 9.9845696499e-001
20.72000 9.9845743363e-001
20.73000 9.9845792817e-001
20.74000 9.9845844958e-001
20.75000 9.9845899879e-001
20.76000 9.9845957672e-001
20.77000 9.9846018424e-001
20.78000 9.9846082221e-001
20.79000 9.9846149147e-001
20.80000 9.9846219282e-001
20.81000 9.9846292704e-001
20.82000 9.9846369489e-001
20.83000 9.9846449710e-001
20.84000 9.9846533435e-001
20.85000 9.9846620732e-001
20.86000 9.9846711666e-001
20.87000 9.9846806297e-001
20.88000 9.9846904683e-001
20.89000 9.9847006882e-001
20.90000 9.9847112944e-001
20.91000 9.9847222920e-001
20.92000 9.9847336857e-001
20.93000 9.9847454798e-001
20.94000 9.9847576784e-001
20.95000 9.9847702852e-001
20.96000 9.9847833039e-001
20.97000 9.9847967375e-001
20.98000 9.9848105889e-001
20.99000 9.9848248608e-001
21.00000 9.9848395553e-001
21.01000 9.9848546745e-001
21.02000 9.9848702200e-001
21.03000 9.9848861933e-001
21.04000 9.9849025953e-001
21.05000 9.9849194268e-001
21.06000 9.9849366884e-001
21.07000 9.9849543802e-001
21.08000 9.9849725021e-001
21.09000 9.9849910536e-001
21.10000 9.9850100342e-001
21.11000 9.9850294427e-001
21.12000 9.9850492779e-001
21.13000 9.9850695383e-001
21.14000 9.9850902220e-001
21.15000 9.9851113269e-001
21.16000 9.9851328505e-001
21.17000 9.9851547902e-001
21.18000 9.9851771430e-001
21.19000 9.9851999057e-001
21.20000 9.9852230748e-001
21.21000 9.9852466465e-001
21.22000 9.9852706169e-001
21.23000 9.9852949817e-001
21.24000 9.9853197364e-001
21.25000 9.9853448761e-001
21.26000 9.9853703959e-001
21.27000 9.9853962906e-001
21.28000 9.9854225547e-001
21.29000 9.9854491825e-001
21.30000 9.9854761680e-001
21.31000 9.9855035051e-001
21.32000 9.9855311875e-001
21.33000 9.9855592085e-001
21.34000 9.9855875614e-001
21.35000 9.9856162392e-001
21.36000 9.9856452348e-001
21.37000 9.9856745407e-001
21.38000 9.9857041496e-001
21.39000 9.9857340535e-001
21.40000 9.9857642446e-001
21.41000 9.9857947150e-001
21.42000 9.9858254564e-001
21.43000 9.9858564603e-001
21.44000 9.9858877183e-001
21.45000 9.9859192217e-001
21.46000 9.9859509617e-001
21.47000 9.9859829295e-001
21.48000 9.9860151159e-001
21.49000 9.9860475117e-001
21.50000 9.9860801077e-001
21.51000 9.9861128945e-001
21.52000 9.9861458627e-001
21.53000 9.9861790026e-001
21.54000 9.9862123046e-001
21.55000 9.9862457589e-001
21.56000 9.9862793557e-001
21.57000 9.9863130851e-001
21.58000 9.9863469373e-001
21.59000 9.9863809020e-001
21.60000 9.9864149695e-001
21.61000 9.9864491294e-001
21.62000 9.9864833718e-001
21.63000 9.9865176865e-001
21.64000 9.9865520632e-001
21.65000 9.9865864919e-001
21.66000 9.9866209622e-001
21.67000 9.9866554640e-001
21.68000 9.9866899870e-001
21.69000 9.9867245212e-001
21.70000 9.9867590562e-001
21.71000 9.9867935820e-001
21.72000 9.9868280884e-001
21.73000 9.9868625654e-001
21.74000 9.9868970028e-001
21.75000 9.9869313906e-001
21.76000 9.9869657189e-001
21.77000 9.9869999778e-001
21.78000 9.9870341575e-001
21.79000 9.9870682481e-001
21.80000 9.9871022399e-001
21.81000 9.9871361235e-001
21.82000 9.9871698891e-001
21.83000 9.9872035274e-001
21.84000 9.9872370291e-001
21.85000 9.9872703848e-001
21.86000 9.9873035855e-001
21.87000 9.9873366220e-001
21.88000 9.9873694856e-001
21.89000 9.9874021674e-001
21.90000 9.9874346587e-001
21.91000 9.9874669511e-001
21.92000 9.9874990360e-001
21.93000 9.9875309053e-001
21.94000 9.9875625509e-001
21.95000 9.9875939647e-001
21.96000 9.9876251390e-001
21.97000 9.9876560660e-001
21.98000 9.9876867383e-001
21.99000 9.9877171487e-001
