30.00000 9.1911361881e-040
30.01000 1.0136734826e-039
30.02000 1.1179227720e-039
30.03000 1.2328462671e-039
30.04000 1.3595277053e-039
30.05000 1.4991596864e-039
30.06000 1.6530545886e-039
30.07000 1.8226566043e-039
30.08000 2.0095550140e-039
30.09000 2.2154988288e-039
30.10000 2.4424129468e-039
30.11000 2.6924159820e-039
30.12000 2.9678399407e-039
30.13000 3.2712519372e-039
30.14000 3.6054781596e-039
30.15000 3.9736303159e-039
30.16000 4.3791348134e-039
30.17000 4.8257649459e-039
30.18000 5.3176763908e-039
30.19000 5.8594463443e-039
30.20000 6.4561166520e-039
30.21000 7.1132413266e-039
30.22000 7.8369388767e-039
30.23000 8.6339499104e-039
30.24000 9.5117005175e-039
30.25000 1.0478371980e-038
30.26000 1.1542977412e-038
30.27000 1.2715445972e-038
30.28000 1.4006715375e-038
30.29000 1.5428833462e-038
30.30000 1.6995069694e-038
30.31000 1.8720037481e-038
30.32000 2.0619828374e-038
30.33000 2.2712159228e-038
30.34000 2.5016533559e-038
30.35000 2.7554418437e-038
30.36000 3.0349438406e-038
30.37000 3.3427588045e-038
30.38000 3.6817464991e-038
30.39000 4.0550525406e-038
30.40000 4.4661364102e-038
30.41000 4.9188021764e-038
30.42000 5.4172321994e-038
30.43000 5.9660241177e-038
30.44000 6.5702314521e-038
30.45000 7.2354081981e-038
30.46000 7.9676578187e-038
30.47000 8.7736870949e-038
30.48000 9.6608653411e-038
30.49000 1.0637289547e-037
30.50000 1.1711856070e-037
30.51000 1.2894339559e-037
30.52000 1.4195479878e-037
30.53000 1.5627077856e-037
30.54000 1.7202100794e-037
30.55000 1.8934798733e-037
30.56000 2.0840832598e-037
30.57000 2.2937415430e-037
30.58000 2.5243468050e-037
30.59000 2.7779790594e-037
30.60000 3.0569251525e-037
30.61000 3.3636995839e-037
30.62000 3.7010674361e-037
30.63000 4.0720696187e-037
30.64000 4.4800506493e-037
30.65000 4.9286892158e-037
30.66000 5.4220317817e-037
30.67000 5.9645295228e-037
30.68000 6.5610789060e-037
30.69000 7.2170662481e-037
30.70000 7.9384166226e-037
30.71000 8.7316475144e-037
30.72000 9.6039276577e-037
30.73000 1.0563141530e-036
30.74000 1.1617960021e-036
30.75000 1.2777917835e-036
30.76000 1.4053498256e-036
30.77000 1.5456225930e-036
30.78000 1.6998768429e-036
30.79000 1.8695047389e-036
30.80000 2.0560360133e-036
30.81000 2.2611512749e-036
30.82000 2.4866965727e-036
30.83000 2.7346993351e-036
30.84000 3.0073858171e-036
30.85000 3.3072002044e-036
30.86000 3.6368255366e-036
30.87000 3.9992066324e-036
30.88000 4.3975752162e-036
30.89000 4.8354774721e-036
30.90000 5.3168042713e-036
30.91000 5.8458243483e-036
30.92000 6.4272207311e-036
30.93000 7.0661307623e-036
30.94000 7.7681900828e-036
30.95000 8.5395809914e-036
30.96000 9.3870856317e-036
30.97000 1.0318144506e-035
30.98000 1.1340920865e-035
30.99000 1.2464371573e-035
31.00000 1.3698325109e-035
31.01000 1.5053567418e-035
31.02000 1.6541936408e-035
31.03000 1.8176425931e-035
31.04000 1.9971300206e-035
31.05000 2.1942219663e-035
31.06000 2.4106379342e-035
31.07000 2.6482661017e-035
31.08000 2.9091800345e-035
31.09000 3.1956570449e-035
31.10000 3.5101983451e-035
31.11000 3.8555511601e-035
31.12000 4.2347329780e-035
31.13000 4.6510581328e-035
31.14000 5.1081669279e-035
31.15000 5.6100575279e-035
31.16000 6.1611208667e-035
31.17000 6.7661788399e-035
31.18000 7.4305260744e-035
31.19000 8.1599755934e-035
31.20000 8.9609087269e-035
31.21000 9.8403296461e-035
31.22000 1.0805924943e-034
31.23000 1.1866128708e-034
31.24000 1.3030193620e-034
31.25000 1.4308268593e-034
31.26000 1.5711483601e-034
31.27000 1.7252042357e-034
31.28000 1.8943323600e-034
31.29000 2.0799991818e-034
31.30000 2.2838118332e-034
31.31000 2.5075313763e-034
31.32000 2.7530873026e-034
31.33000 3.0225934098e-034
31.34000 3.3183651968e-034
31.35000 3.6429389303e-034
31.36000 3.9990925568e-034
31.37000 4.3898686456e-034
31.38000 4.8185995744e-034
31.39000 5.2889351872e-034
31.40000 5.8048731750e-034
31.41000 6.3707924607e-034
31.42000 6.9914898889e-034
31.43000 7.6722205551e-034
31.44000 8.4187421370e-034
31.45000 9.2373636231e-034
31.46000 1.0134998869e-033
31.47000 1.1119225451e-033
31.48000 1.2198349315e-033
31.49000 1.3381475790e-033
31.50000 1.4678587532e-033
31.51000 1.6100630071e-033
31.52000 1.7659605632e-033
31.53000 1.9368676001e-033
31.54000 2.1242275223e-033
31.55000 2.3296233040e-033
31.56000 2.5547909984e-033
31.57000 2.8016345172e-033
31.58000 3.0722417900e-033
31.59000 3.3689024237e-033
31.60000 3.6941269928e-033
31.61000 4.0506681005e-033
31.62000 4.4415433659e-033
31.63000 4.8700605043e-033
31.64000 5.3398446826e-033
31.65000 5.8548683523e-033
31.66000 6.4194837764e-033
31.67000 7.0384584950e-033
31.68000 7.7170139919e-033
31.69000 8.4608678569e-033
31.70000 9.2762797667e-033
31.71000 1.0170101643e-032
31.72000 1.1149832383e-032
31.73000 1.2223677602e-032
31.74000 1.3400614880e-032
31.75000 1.4690465045e-032
31.76000 1.6103970099e-032
31.77000 1.7652878452e-032
31.78000 1.9350038193e-032
31.79000 2.1209499227e-032
31.80000 2.3246625156e-032
31.81000 2.5478215917e-032
31.82000 2.7922642258e-032
31.83000 3.0599993250e-032
31.84000 3.3532238152e-032
31.85000 3.6743404069e-032
31.86000 4.0259770971e-032
31.87000 4.4110085772e-032
31.88000 4.8325797353e-032
31.89000 5.2941314513e-032
31.90000 5.7994289061e-032
31.91000 6.3525926399e-032
31.92000 6.9581326151e-032
31.93000 7.6209855595e-032
31.94000 8.3465558870e-032
31.95000 9.1407605154e-032
31.96000 1.0010077927e-031
31.97000 1.0961601841e-031
31.98000 1.2003099902e-031
31.99000 1.3143077810e-031
32.00000 1.4390849360e-031
32.01000 1.5756612890e-031
32.02000 1.7251534685e-031
32.03000 1.8887839908e-031
32.04000 2.0678911714e-031
32.05000 2.2639399220e-031
32.06000 2.4785335086e-031
32.07000 2.7134263527e-031
32.08000 2.9705379648e-031
32.09000 3.2519681083e-031
32.10000 3.5600133009e-031
32.11000 3.8971847731e-031
32.12000 4.2662280123e-031
32.13000 4.6701440390e-031
32.14000 5.1122125729e-031
32.15000 5.5960172671e-031
32.16000 6.1254732050e-031
32.17000 6.7048568792e-031
32.18000 7.3388388921e-031
32.19000 8.0325196460e-031
32.20000 8.7914683207e-031
32.21000 9.6217654645e-031
32.22000 1.0530049563e-030
32.23000 1.1523567984e-030
32.24000 1.2610232745e-030
32.25000 1.3798681577e-030
32.26000 1.5098344825e-030
32.27000 1.6519518768e-030
32.28000 1.8073445976e-030
32.29000 1.9772403421e-030
32.30000 2.1629799065e-030
32.31000 2.3660277758e-030
32.32000 2.5879837312e-030
32.33000 2.8305955713e-030
32.34000 3.0957730479e-030
32.35000 3.3856031287e-030
32.36000 3.7023667031e-030
32.37000 4.0485568600e-030
32.38000 4.4268988740e-030
32.39000 4.8403720460e-030
32.40000 5.2922335563e-030
32.41000 5.7860444988e-030
32.42000 6.3256982787e-030
32.43000 6.9154515667e-030
32.44000 7.5599580232e-030
32.45000 8.2643050152e-030
32.46000 9.0340535732e-030
32.47000 9.8752818519e-030
32.48000 1.0794632381e-029
32.49000 1.1799363418e-029
32.50000 1.2897404746e-029
32.51000 1.4097418286e-029
32.52000 1.5408863923e-029
32.53000 1.6842071017e-029
32.54000 1.8408316057e-029
32.55000 2.0119907039e-029
32.56000 2.1990275133e-029
32.57000 2.4034074340e-029
32.58000 2.6267289845e-029
32.59000 2.8707355912e-029
32.60000 3.1373284209e-029
32.61000 3.4285803589e-029
32.62000 3.7467512428e-029
32.63000 4.0943044773e-029
32.64000 4.4739251663e-029
32.65000 4.8885399131e-029
32.66000 5.3413384560e-029
32.67000 5.8357973223e-029
32.68000 6.3757057003e-029
32.69000 6.9651937505e-029
32.70000 7.6087635943e-029
32.71000 8.3113232404e-029
32.72000 9.0782237328e-029
32.73000 9.9152998245e-029
32.74000 1.0828914509e-028
32.75000 1.1826007761e-028
32.76000 1.2914149881e-028
32.77000 1.4101599830e-028
32.78000 1.5397369030e-028
32.79000 1.6811291061e-028
32.80000 1.8354097796e-028
32.81000 2.0037502487e-028
32.82000 2.1874290392e-028
32.83000 2.3878417552e-028
32.84000 2.6065118386e-028
32.85000 2.8451022800e-028
32.86000 3.1054283581e-028
32.87000 3.3894714873e-028
32.88000 3.6993942626e-028
32.89000 4.0375567958e-028
32.90000 4.4065344448e-028
32.91000 4.8091370469e-028
32.92000 5.2484297774e-028
32.93000 5.7277557642e-028
32.94000 6.2507606015e-028
32.95000 6.8214189225e-028
32.96000 7.4440632030e-028
32.97000 8.1234149879e-028
32.98000 8.8646187528e-028
32.99000 9.6732786352e-028
33.00000 1.0555498295e-027
33.01000 1.1517924195e-027
33.02000 1.2567792616e-027
33.03000 1.3712980775e-027
33.04000 1.4962062427e-027
33.05000 1.6324368396e-027
33.06000 1.7810052521e-027
33.07000 1.9430163546e-027
33.08000 2.1196723546e-027
33.09000 2.3122813534e-027
33.10000 2.5222666969e-027
33.11000 2.7511771916e-027
33.12000 3.0006982734e-027
33.13000 3.2726642175e-027
33.14000 3.5690714918e-027
33.15000 3.8920933590e-027
33.16000 4.2440958432e-027
33.17000 4.6276551858e-027
33.18000 5.0455769233e-027
33.19000 5.5009167285e-027
33.20000 5.9970031682e-027
33.21000 6.5374625384e-027
33.22000 7.1262459508e-027
33.23000 7.7676588527e-027
33.24000 8.4663931781e-027
33.25000 9.2275623366e-027
33.26000 1.0056739264e-026
33.27000 1.0959997769e-026
33.28000 1.1943957435e-026
33.29000 1.3015832338e-026
33.30000 1.4183483883e-026
33.31000 1.5455478068e-026
33.32000 1.6841147500e-026
33.33000 1.8350658556e-026
33.34000 1.9995084059e-026
33.35000 2.1786481918e-026
33.36000 2.3737980192e-026
33.37000 2.5863869117e-026
33.38000 2.8179700639e-026
33.39000 3.0702396110e-026
33.40000 3.3450362829e-026
33.41000 3.6443620204e-026
33.42000 3.9703936396e-026
33.43000 4.3254976398e-026
33.44000 4.7122462605e-026
33.45000 5.1334349061e-026
33.46000 5.5921010682e-026
33.47000 6.0915448905e-026
33.48000 6.6353515376e-026
33.49000 7.2274155434e-026
33.50000 7.8719673350e-026
33.51000 8.5736021456e-026
33.52000 9.3373115505e-026
33.53000 1.0168517882e-025
33.54000 1.1073111802e-025
33.55000 1.2057493327e-025
33.56000 1.3128616645e-025
33.57000 1.4294039051e-025
33.58000 1.5561974405e-025
33.59000 1.6941351485e-025
33.60000 1.8441877687e-025
33.61000 2.0074108515e-025
33.62000 2.1849523356e-025
33.63000 2.3780608042e-025
33.64000 2.5880944765e-025
33.65000 2.8165309904e-025
33.66000 3.0649780390e-025
33.67000 3.3351849268e-025
33.68000 3.6290551119e-025
33.69000 3.9486598106e-025
33.70000 4.2962527417e-025
33.71000 4.6742860922e-025
33.72000 5.0854277963e-025
33.73000 5.5325802221e-025
33.74000 6.0189003691e-025
33.75000 6.5478216888e-025
33.76000 7.1230776495e-025
33.77000 7.7487271772e-025
33.78000 8.4291821175e-025
33.79000 9.1692368770e-025
33.80000 9.9741004201e-025
33.81000 1.0849430814e-024
33.82000 1.1801372537e-024
33.83000 1.2836596789e-024
33.84000 1.3962345067e-024
33.85000 1.5186476307e-024
33.86000 1.6517517911e-024
33.87000 1.7964721031e-024
33.88000 1.9538120517e-024
33.89000 2.1248599975e-024
33.90000 2.3107962429e-024
33.91000 2.5129007148e-024
33.92000 2.7325613223e-024
33.93000 2.9712830578e-024
33.94000 3.2306979111e-024
33.95000 3.5125756775e-024
33.96000 3.8188357430e-024
33.97000 4.1515599395e-024
33.98000 4.5130065691e-024
33.99000 4.9056257018e-024
34.00000 5.3320758614e-024
34.01000 5.7952422192e-024
34.02000 6.2982564227e-024
34.03000 6.8445181969e-024
34.04000 7.4377188576e-024
34.05000 8.0818668924e-024
34.06000 8.7813157647e-024
34.07000 9.5407941114e-024
34.08000 1.0365438511e-023
34.09000 1.1260829005e-023
34.10000 1.2233027583e-023
34.11000 1.3288619818e-023
34.12000 1.4434759900e-023
34.13000 1.5679219283e-023
34.14000 1.7030439211e-023
34.15000 1.8497587388e-023
34.16000 2.0090619082e-023
34.17000 2.1820342990e-023
34.18000 2.3698492187e-023
34.19000 2.5737800556e-023
34.20000 2.7952085099e-023
34.21000 3.0356334581e-023
34.22000 3.2966805015e-023
34.23000 3.5801122539e-023
34.24000 3.8878394307e-023
34.25000 4.2219328086e-023
34.26000 4.5846361314e-023
34.27000 4.9783800498e-023
34.28000 5.4057971880e-023
34.29000 5.8697384459e-023
34.30000 6.3732906531e-023
34.31000 6.9197957066e-023
34.32000 7.5128713355e-023
34.33000 8.1564336535e-023
34.34000 8.8547216716e-023
34.35000 9.6123239634e-023
34.36000 1.0434207688e-022
34.37000 1.1325750199e-022
34.38000 1.2292773476e-022
34.39000 1.3341581641e-022
34.40000 1.4479001844e-022
34.41000 1.5712428800e-022
34.42000 1.7049873305e-022
34.43000 1.8500015057e-022
34.44000 2.0072260129e-022
34.45000 2.1776803473e-022
34.46000 2.3624696831e-022
34.47000 2.5627922470e-022
34.48000 2.7799473152e-022
34.49000 3.0153438800e-022
34.50000 3.2705100322e-022
34.51000 3.5471031074e-022
34.52000 3.8469206501e-022
34.53000 4.1719122474e-022
34.54000 4.5241922927e-022
34.55000 4.9060537383e-022
34.56000 5.3199829055e-022
34.57000 5.7686754191e-022
34.58000 6.2550533459e-022
34.59000 6.7822836173e-022
34.60000 7.3537978279e-022
34.61000 7.9733135080e-022
34.62000 8.6448569802e-022
34.63000 9.3727879205e-022
34.64000 1.0161825758e-021
34.65000 1.1017078066e-021
34.66000 1.1944071106e-021
34.67000 1.2948782719e-021
34.68000 1.4037677765e-021
34.69000 1.5217746358e-021
34.70000 1.6496545138e-021
34.71000 1.7882241886e-021
34.72000 1.9383663800e-021
34.73000 2.1010349782e-021
34.74000 2.2772607138e-021
34.75000 2.4681573111e-021
34.76000 2.6749281726e-021
34.77000 2.8988736452e-021
34.78000 3.1413989237e-021
34.79000 3.4040226503e-021
34.80000 3.6883862746e-021
34.81000 3.9962642418e-021
34.82000 4.3295750798e-021
34.83000 4.6903934633e-021
34.84000 5.0809633332e-021
34.85000 5.5037121556e-021
34.86000 5.9612664087e-021
34.87000 6.4564683885e-021
34.88000 6.9923944289e-021
34.89000 7.5723746348e-021
34.90000 8.2000142328e-021
34.91000 8.8792166455e-021
34.92000 9.6142084017e-021
34.93000 1.0409566002e-020
34.94000 1.1270244856e-020
34.95000 1.2201610435e-020
34.96000 1.3209471757e-020
34.97000 1.4300117369e-020
34.98000 1.5480353974e-020
34.99000 1.6757547872e-020
35.00000 1.8139669404e-020
35.01000 1.9635340593e-020
35.02000 2.1253886212e-020
35.03000 2.3005388512e-020
35.04000 2.4900745891e-020
35.05000 2.6951735813e-020
35.06000 2.9171082292e-020
35.07000 3.1572528353e-020
35.08000 3.4170913879e-020
35.09000 3.6982259318e-020
35.10000 4.0023855808e-020
35.11000 4.3314362297e-020
35.12000 4.6873910344e-020
35.13000 5.0724217331e-020
35.14000 5.4888708917e-020
35.15000 5.9392651645e-020
35.16000 6.4263296666e-020
35.17000 6.9530035709e-020
35.18000 7.5224570418e-020
35.19000 8.1381096364e-020
35.20000 8.8036503060e-020
35.21000 9.5230591440e-020
35.22000 1.0300631033e-019
35.23000 1.1141001352e-019
35.24000 1.2049173919e-019
35.25000 1.3030551331e-019
35.26000 1.4090967913e-019
35.27000 1.5236725441e-019
35.28000 1.6474631848e-019
35.29000 1.7812043127e-019
35.30000 1.9256908626e-019
35.31000 2.0817819967e-019
35.32000 2.2504063804e-019
35.33000 2.4325678662e-019
35.34000 2.6293516092e-019
35.35000 2.8419306405e-019
35.36000 3.0715729235e-019
35.37000 3.3196489231e-019
35.38000 3.5876397156e-019
35.39000 3.8771456728e-019
35.40000 4.1898957549e-019
35.41000 4.5277574479e-019
35.42000 4.8927473902e-019
35.43000 5.2870427312e-019
35.44000 5.7129932744e-019
35.45000 6.1731344620e-019
35.46000 6.6702012649e-019
35.47000 7.2071430492e-019
35.48000 7.7871395022e-019
35.49000 8.4136177079e-019
35.50000 9.0902704763e-019
35.51000 9.8210760409e-019
35.52000 1.0610319256e-018
35.53000 1.1462614434e-018
35.54000 1.2382929997e-018
35.55000 1.3376615093e-018
35.56000 1.4449428410e-018
35.57000 1.5607569367e-018
35.58000 1.6857711937e-018
35.59000 1.8207041338e-018
35.60000 1.9663293876e-018
35.61000 2.1234800213e-018
35.62000 2.2930532370e-018
35.63000 2.4760154789e-018
35.64000 2.6734079779e-018
35.65000 2.8863527707e-018
35.66000 3.1160592280e-018
35.67000 3.3638311311e-018
35.68000 3.6310743327e-018
35.69000 3.9193050428e-018
35.70000 4.2301587801e-018
35.71000 4.5654000269e-018
35.72000 4.9269326338e-018
35.73000 5.3168110120e-018
35.74000 5.7372521616e-018
35.75000 6.1906485776e-018
35.76000 6.6795820834e-018
35.77000 7.2068386386e-018
35.78000 7.7754241758e-018
35.79000 8.3885815189e-018
35.80000 9.0498084450e-018
35.81000 9.7628769536e-018
35.82000 1.0531853815e-017
35.83000 1.1361122476e-017
35.84000 1.2255406414e-017
35.85000 1.3219794034e-017
35.86000 1.4259765225e-017
35.87000 1.5381219704e-017
35.88000 1.6590507282e-017
35.89000 1.7894460228e-017
35.90000 1.9300427910e-017
35.91000 2.0816313913e-017
35.92000 2.2450615897e-017
35.93000 2.4212468416e-017
35.94000 2.6111689038e-017
35.95000 2.8158828061e-017
35.96000 3.0365222196e-017
35.97000 3.2743052614e-017
35.98000 3.5305407781e-017
35.99000 3.8066351549e-017
36.00000 4.1040996999e-017
36.01000 4.4245586564e-017
36.02000 4.7697578990e-017
36.03000 5.1415743731e-017
36.04000 5.5420263377e-017
36.05000 5.9732844765e-017
36.06000 6.4376839403e-017
36.07000 6.9377373898e-017
36.08000 7.4761491049e-017
36.09000 8.0558302299e-017
36.10000 8.6799152238e-017
36.11000 9.3517795866e-017
36.12000 1.0075058931e-016
36.13000 1.0853669474e-016
36.14000 1.1691830011e-016
36.15000 1.2594085464e-016
36.16000 1.3565332061e-016
36.17000 1.4610844233e-016
36.18000 1.5736303314e-016
36.19000 1.6947828127e-016
36.20000 1.8252007544e-016
36.21000 1.9655935135e-016
36.22000 2.1167246010e-016
36.23000 2.2794155979e-016
36.24000 2.4545503170e-016
36.25000 2.6430792277e-016
36.26000 2.8460241606e-016
36.27000 3.0644833126e-016
36.28000 3.2996365785e-016
36.29000 3.5527512336e-016
36.30000 3.8251879998e-016
36.31000 4.1184075313e-016
36.32000 4.4339773578e-016
36.33000 4.7735793324e-016
36.34000 5.1390176341e-016
36.35000 5.5322273801e-016
36.36000 5.9552839113e-016
36.37000 6.4104128192e-016
36.38000 6.9000007867e-016
36.39000 7.4266073242e-016
36.40000 7.9929774859e-016
36.41000 8.6020556578e-016
36.42000 9.2570005116e-016
36.43000 9.9612012252e-016
36.44000 1.0718295074e-015
36.45000 1.1532186495e-015
36.46000 1.2407067742e-015
36.47000 1.3347441223e-015
36.48000 1.4358143650e-015
36.49000 1.5444372102e-015
36.50000 1.6611712105e-015
36.51000 1.7866167851e-015
36.52000 1.9214194649e-015
36.53000 2.0662733732e-015
36.54000 2.2219249509e-015
36.55000 2.3891769382e-015
36.56000 2.5688926228e-015
36.57000 2.7620003666e-015
36.58000 2.9694984212e-015
36.59000 3.1924600453e-015
36.60000 3.4320389376e-015
36.61000 3.6894749979e-015
36.62000 3.9661004347e-015
36.63000 4.2633462361e-015
36.64000 4.5827490245e-015
36.65000 4.9259583208e-015
36.66000 5.2947442437e-015
36.67000 5.6910056772e-015
36.68000 6.1167789426e-015
36.69000 6.5742470189e-015
36.70000 7.0657493594e-015
36.71000 7.5937923620e-015
36.72000 8.1610605562e-015
36.73000 8.7704285813e-015
36.74000 9.4249740346e-015
36.75000 1.0127991284e-014
36.76000 1.0883006339e-014
36.77000 1.1693792904e-014
36.78000 1.2564389707e-014
36.79000 1.3499119267e-014
36.80000 1.4502608208e-014
36.81000 1.5579809271e-014
36.82000 1.6736025188e-014
36.83000 1.7976934560e-014
36.84000 1.9308619898e-014
36.85000 2.0737598005e-014
36.86000 2.2270852844e-014
36.87000 2.3915871068e-014
36.88000 2.5680680369e-014
36.89000 2.7573890807e-014
36.90000 2.9604739263e-014
36.91000 3.1783137187e-014
36.92000 3.4119721763e-014
36.93000 3.6625910652e-014
36.94000 3.9313960435e-014
36.95000 4.2197028898e-014
36.96000 4.5289241297e-014
36.97000 4.8605760731e-014
36.98000 5.2162862764e-014
36.99000 5.5978014459e-014
37.00000 6.0069957969e-014
37.01000 6.4458798886e-014
37.02000 6.9166099542e-014
37.03000 7.4214977519e-014
37.04000 7.9630209638e-014
37.05000 8.5438341766e-014
37.06000 9.1667804834e-014
37.07000 9.8349037530e-014
37.08000 1.0551461621e-013
37.09000 1.1319939263e-013
37.10000 1.2144064035e-013
37.11000 1.3027821046e-013
37.12000 1.3975469781e-013
37.13000 1.4991561872e-013
37.14000 1.6080960141e-013
37.15000 1.7248859067e-013
37.16000 1.8500806803e-013
37.17000 1.9842728934e-013
37.18000 2.1280954147e-013
37.19000 2.2822241994e-013
37.20000 2.4473812964e-013
37.21000 2.6243381073e-013
37.22000 2.8139189182e-013
37.23000 3.0170047279e-013
37.24000 3.2345373943e-013
37.25000 3.4675241216e-013
37.26000 3.7170423114e-013
37.27000 3.9842447980e-013
37.28000 4.2703654909e-013
37.29000 4.5767254429e-013
37.30000 4.9047393635e-013
37.31000 5.2559225959e-013
37.32000 5.6318985733e-013
37.33000 6.0344067712e-013
37.34000 6.4653111698e-013
37.35000 6.9266092402e-013
37.36000 7.4204414686e-013
37.37000 7.9491014324e-013
37.38000 8.5150464410e-013
37.39000 9.1209087589e-013
37.40000 9.7695074278e-013
37.41000 1.0463860708e-012
37.42000 1.1207199165e-012
37.43000 1.2002979429e-012
37.44000 1.2854898667e-012
37.45000 1.3766909811e-012
37.46000 1.4743237585e-012
37.47000 1.5788395420e-012
37.48000 1.6907203300e-012
37.49000 1.8104806663e-012
37.50000 1.9386696428e-012
37.51000 2.0758730309e-012
37.52000 2.2227155514e-012
37.53000 2.3798633024e-012
37.54000 2.5480263604e-012
37.55000 2.7279615758e-012
37.56000 2.9204755832e-012
37.57000 3.1264280510e-012
37.58000 3.3467351943e-012
37.59000 3.5823735778e-012
37.60000 3.8343842364e-012
37.61000 4.1038771415e-012
37.62000 4.3920360426e-012
37.63000 4.7001237121e-012
37.64000 5.0294876230e-012
37.65000 5.3815660865e-012
37.66000 5.7578948777e-012
37.67000 6.1601143722e-012
37.68000 6.5899772206e-012
37.69000 7.0493565793e-012
37.70000 7.5402549192e-012
37.71000 8.0648134275e-012
37.72000 8.6253220195e-012
37.73000 9.2242299723e-012
37.74000 9.8641571921e-012
37.75000 1.0547906124e-011
37.76000 1.1278474318e-011
37.77000 1.2059067654e-011
37.78000 1.2893114245e-011
37.79000 1.3784279022e-011
37.80000 1.4736479029e-011
37.81000 1.5753899436e-011
37.82000 1.6841010308e-011
37.83000 1.8002584159e-011
37.84000 1.9243714340e-011
37.85000 2.0569834313e-011
37.86000 2.1986737893e-011
37.87000 2.3500600523e-011
37.88000 2.5118001713e-011
37.89000 2.6845948741e-011
37.90000 2.8691901778e-011
37.91000 3.0663800598e-011
37.92000 3.2770093057e-011
37.93000 3.5019765574e-011
37.94000 3.7422375832e-011
37.95000 3.9988087969e-011
37.96000 4.2727710558e-011
37.97000 4.5652737645e-011
37.98000 4.8775393204e-011
37.99000 5.2108679309e-011
38.00000 5.5666428383e-011
38.01000 5.9463359857e-011
38.02000 6.3515141588e-011
38.03000 6.7838456348e-011
38.04000 7.2451073734e-011
38.05000 7.7371927761e-011
38.06000 8.2621200433e-011
38.07000 8.8220411529e-011
38.08000 9.4192514809e-011
38.09000 1.0056200082e-010
38.10000 1.0735500646e-010
38.11000 1.1459943134e-010
38.12000 1.2232506112e-010
38.13000 1.3056369777e-010
38.14000 1.3934929685e-010
38.15000 1.4871811177e-010
38.16000 1.5870884506e-010
38.17000 1.6936280668e-010
38.18000 1.8072407940e-010
38.19000 1.9283969135e-010
38.20000 2.0575979578e-010
38.21000 2.1953785839e-010
38.22000 2.3423085247e-010
38.23000 2.4989946224e-010
38.24000 2.6660829498e-010
38.25000 2.8442610279e-010
38.26000 3.0342601470e-010
38.27000 3.2368578055e-010
38.28000 3.4528802768e-010
38.29000 3.6832053244e-010
38.30000 3.9287650806e-010
38.31000 4.1905491129e-010
38.32000 4.4696077025e-010
38.33000 4.7670553601e-010
38.34000 5.0840746124e-010
38.35000 5.4219200882e-010
38.36000 5.7819229404e-010
38.37000 6.1654956396e-010
38.38000 6.5741371754e-010
38.39000 7.0094387041e-010
38.40000 7.4730896791e-010
38.41000 7.9668845004e-010
38.42000 8.4927297184e-010
38.43000 9.0526518232e-010
38.44000 9.6488056492e-010
38.45000 1.0283483420e-009
38.46000 1.0959124452e-009
38.47000 1.1678325543e-009
38.48000 1.2443852037e-009
38.49000 1.3258649595e-009
38.50000 1.4125856662e-009
38.51000 1.5048817620e-009
38.52000 1.6031096639e-009
38.53000 1.7076492207e-009
38.54000 1.8189052318e-009
38.55000 1.9373090334e-009
38.56000 2.0633201478e-009
38.57000 2.1974279980e-009
38.58000 2.3401536855e-009
38.59000 2.4920518318e-009
38.60000 2.6537124863e-009
38.61000 2.8257631017e-009
38.62000 3.0088705812e-009
38.63000 3.2037434038e-009
38.64000 3.4111338338e-009
38.65000 3.6318402257e-009
38.66000 3.8667094365e-009
38.67000 4.1166393584e-009
38.68000 4.3825815928e-009
38.69000 4.6655442833e-009
38.70000 4.9665951326e-009
38.71000 5.2868646301e-009
38.72000 5.6275495192e-009
38.73000 5.9899165364e-009
38.74000 6.3753064558e-009
38.75000 6.7851384772e-009
38.76000 7.2209149919e-009
38.77000 7.6842267669e-009
38.78000 8.1767585833e-009
38.79000 8.7002953659e-009
38.80000 9.2567288389e-009
38.81000 9.8480647386e-009
38.82000 1.0476430613e-008
38.83000 1.1144084227e-008
38.84000 1.1853422602e-008
38.85000 1.2606991690e-008
38.86000 1.3407496702e-008
38.87000 1.4257813076e-008
38.88000 1.5160998105e-008
38.89000 1.6120303183e-008
38.90000 1.7139186684e-008
38.91000 1.8221327433e-008
38.92000 1.9370638758e-008
38.93000 2.0591283096e-008
38.94000 2.1887687131e-008
38.95000 2.3264557441e-008
38.96000 2.4726896634e-008
38.97000 2.6280019966e-008
38.98000 2.7929572433e-008
38.99000 2.9681546346e-008
39.00000 3.1542299418e-008
39.01000 3.3518573377e-008
39.02000 3.5617513195e-008
39.03000 3.7846686979e-008
39.04000 4.0214106653e-008
39.05000 4.2728249531e-008
39.06000 4.5398080963e-008
39.07000 4.8233078227e-008
39.08000 5.1243255874e-008
39.09000 5.4439192788e-008
39.10000 5.7832061217e-008
39.11000 6.1433658080e-008
39.12000 6.5256438869e-008
39.13000 6.9313554479e-008
39.14000 7.3618891320e-008
39.15000 7.8187115061e-008
39.16000 8.3033718349e-008
39.17000 8.8175072847e-008
39.18000 9.3628485909e-008
39.19000 9.9412262159e-008
39.20000 1.0554577024e-007
39.21000 1.1204951491e-007
39.22000 1.1894521465e-007
39.23000 1.2625588484e-007
39.24000 1.3400592651e-007
39.25000 1.4222122072e-007
39.26000 1.5092922826e-007
39.27000 1.6015909472e-007
39.28000 1.6994176048e-007
39.29000 1.8031007563e-007
39.30000 1.9129891912e-007
39.31000 2.0294532222e-007
39.32000 2.1528859567e-007
39.33000 2.2837046030e-007
39.34000 2.4223518082e-007
39.35000 2.5692970259e-007
39.36000 2.7250379111e-007
39.37000 2.8901017428e-007
39.38000 3.0650468744e-007
39.39000 3.2504642142e-007
39.40000 3.4469787406e-007
39.41000 3.6552510567e-007
39.42000 3.8759789943e-007
39.43000 4.1098992765e-007
39.44000 4.3577892527e-007
39.45000 4.6204687223e-007
39.46000 4.8988018646e-007
39.47000 5.1936992976e-007
39.48000 5.5061202883e-007
39.49000 5.8370751406e-007
39.50000 6.1876277900e-007
39.51000 6.5588986323e-007
39.52000 6.9520676187e-007
39.53000 7.3683776459e-007
39.54000 7.8091382715e-007
39.55000 8.2757297841e-007
39.56000 8.7696076511e-007
39.57000 9.2923073708e-007
39.58000 9.8454497432e-007
39.59000 1.0430746577e-006
39.60000 1.1050006837e-006
39.61000 1.1705143241e-006
39.62000 1.2398179291e-006
39.63000 1.3131256738e-006
39.64000 1.3906643464e-006
39.65000 1.4726741747e-006
39.66000 1.5594096894e-006
39.67000 1.6511406201e-006
39.68000 1.7481528213e-006
39.69000 1.8507492234e-006
39.70000 1.9592508062e-006
39.71000 2.0739975899e-006
39.72000 2.1953496424e-006
39.73000 2.3236880967e-006
39.74000 2.4594161801e-006
39.75000 2.6029602510e-006
39.76000 2.7547708452e-006
39.77000 2.9153237316e-006
39.78000 3.0851209824e-006
39.79000 3.2646920594e-006
39.80000 3.4545949261e-006
39.81000 3.6554171933e-006
39.82000 3.8677773077e-006
39.83000 4.0923257999e-006
39.84000 4.3297466042e-006
39.85000 4.5807584701e-006
39.86000 4.8461164836e-006
39.87000 5.1266137219e-006
39.88000 5.4230830610e-006
39.89000 5.7363991640e-006
39.90000 6.0674806711e-006
39.91000 6.4172926163e-006
39.92000 6.7868490949e-006
39.93000 7.1772162011e-006
39.94000 7.5895152558e-006
39.95000 8.0249263403e-006
39.96000 8.4846921464e-006
39.97000 8.9701221508e-006
39.98000 9.4825971160e-006
39.99000 1.0023573913e-005
40.00000 1.0594590657e-005
40.01000 1.1197272144e-005
40.02000 1.1833335560e-005
40.03000 1.2504596448e-005
40.04000 1.3212974897e-005
40.05000 1.3960501919e-005
40.06000 1.4749325981e-005
40.07000 1.5581719657e-005
40.08000 1.6460086359e-005
40.09000 1.7386967114e-005
40.10000 1.8365047363e-005
40.11000 1.9397163736e-005
40.12000 2.0486310815e-005
40.13000 2.1635647838e-005
40.14000 2.2848505376e-005
40.15000 2.4128391970e-005
40.16000 2.5479000767e-005
40.17000 2.6904216195e-005
40.18000 2.8408120717e-005
40.19000 2.9995001764e-005
40.20000 3.1669358904e-005
40.21000 3.3435911392e-005
40.22000 3.5299606192e-005
40.23000 3.7265626637e-005
40.24000 3.9339401860e-005
40.25000 4.1526617191e-005
40.26000 4.3833225659e-005
40.27000 4.6265460807e-005
40.28000 4.8829850980e-005
40.29000 5.1533235266e-005
40.30000 5.4382781237e-005
40.31000 5.7386004643e-005
40.32000 6.0550791159e-005
40.33000 6.3885420286e-005
40.34000 6.7398591440e-005
40.35000 7.1099452242e-005
40.36000 7.4997628977e-005
40.37000 7.9103259139e-005
40.38000 8.3427025933e-005
40.39000 8.7980194570e-005
40.40000 9.2774650136e-005
40.41000 9.7822936795e-005
40.42000 1.0313829804e-004
40.43000 1.0873471773e-004
40.44000 1.1462696149e-004
40.45000 1.2083061836e-004
40.46000 1.2736214222e-004
40.47000 1.3423889275e-004
40.48000 1.4147917574e-004
40.49000 1.4910228259e-004
40.50000 1.5712852865e-004
40.51000 1.6557929070e-004
40.52000 1.7447704325e-004
40.53000 1.8384539404e-004
40.54000 1.9370911887e-004
40.55000 2.0409419610e-004
40.56000 2.1502784139e-004
40.57000 2.2653854317e-004
40.58000 2.3865609967e-004
40.59000 2.5141165826e-004
40.60000 2.6483775818e-004
40.61000 2.7896837757e-004
40.62000 2.9383898607e-004
40.63000 3.0948660411e-004
40.64000 3.2594987013e-004
40.65000 3.4326911688e-004
40.66000 3.6148645804e-004
40.67000 3.8064588609e-004
40.68000 4.0079338244e-004
40.69000 4.2197704049e-004
40.70000 4.4424720213e-004
40.71000 4.6765660793e-004
40.72000 4.9226056082e-004
40.73000 5.1811710311e-004
40.74000 5.4528720588e-004
40.75000 5.7383496982e-004
40.76000 6.0382783607e-004
40.77000 6.3533680546e-004
40.78000 6.6843666407e-004
40.79000 7.0320621314e-004
40.80000 7.3972850085e-004
40.81000 7.7809105375e-004
40.82000 8.1838610539e-004
40.83000 8.6071081988e-004
40.84000 9.0516750832e-004
40.85000 9.5186383620e-004
40.86000 1.0009130204e-003
40.87000 1.0524340147e-003
40.88000 1.1065516831e-003
40.89000 1.1633969617e-003
40.90000 1.2231070094e-003
40.91000 1.2858253486e-003
40.92000 1.3517019997e-003
40.93000 1.4208936106e-003
40.94000 1.4935635872e-003
40.95000 1.5698822276e-003
40.96000 1.6500268675e-003
40.97000 1.7341820419e-003
40.98000 1.8225396698e-003
40.99000 1.9152992706e-003
41.00000 2.0126682173e-003
41.01000 2.1148620361e-003
41.02000 2.2221047593e-003
41.03000 2.3346293368e-003
41.04000 2.4526781142e-003
41.05000 2.5765033805e-003
41.06000 2.7063679901e-003
41.07000 2.8425460600e-003
41.08000 2.9853237423e-003
41.09000 3.1350000692e-003
41.10000 3.2918878665e-003
41.11000 3.4563147284e-003
41.12000 3.6286240433e-003
41.13000 3.8091760618e-003
41.14000 3.9983489908e-003
41.15000 4.1965401010e-003
41.16000 4.4041668306e-003
41.17000 4.6216678685e-003
41.18000 4.8495042012e-003
41.19000 5.0881601043e-003
41.20000 5.3381440658e-003
41.21000 5.5999896242e-003
41.22000 5.8742561110e-003
41.23000 6.1615292875e-003
41.24000 6.4624218698e-003
41.25000 6.7775739390e-003
41.26000 7.1076532396e-003
41.27000 7.4533553701e-003
41.28000 7.8154038800e-003
41.29000 8.1945502854e-003
41.30000 8.5915740273e-003
41.31000 9.0072823976e-003
41.32000 9.4425104618e-003
41.33000 9.8981210152e-003
41.34000 1.0375004608e-002
41.35000 1.0874079684e-002
41.36000 1.1396292865e-002
41.37000 1.1942619434e-002
41.38000 1.2514064047e-002
41.39000 1.3111661711e-002
41.40000 1.3736479065e-002
41.41000 1.4389615972e-002
41.42000 1.5072207449e-002
41.43000 1.5785425930e-002
41.44000 1.6530483849e-002
41.45000 1.7308636523e-002
41.46000 1.8121185293e-002
41.47000 1.8969480869e-002
41.48000 1.9854926808e-002
41.49000 2.0778983049e-002
41.50000 2.1743169408e-002
41.51000 2.2749068926e-002
41.52000 2.3798330970e-002
41.53000 2.4892673961e-002
41.54000 2.6033887634e-002
41.55000 2.7223834694e-002
41.56000 2.8464451794e-002
41.57000 2.9757749723e-002
41.58000 3.1105812741e-002
41.59000 3.2510797001e-002
41.60000 3.3974928019e-002
41.61000 3.5500497193e-002
41.62000 3.7089857371e-002
41.63000 3.8745417541e-002
41.64000 4.0469636685e-002
41.65000 4.2265016936e-002
41.66000 4.4134096141e-002
41.67000 4.6079440024e-002
41.68000 4.8103634096e-002
41.69000 5.0209275550e-002
41.70000 5.2398965329e-002
41.71000 5.4675300613e-002
41.72000 5.7040867917e-002
41.73000 5.9498237031e-002
41.74000 6.2049955969e-002
41.75000 6.4698547084e-002
41.76000 6.7446504442e-002
41.77000 7.0296292527e-002
41.78000 7.3250346225e-002
41.79000 7.6311072046e-002
41.80000 7.9480850380e-002
41.81000 8.2762038575e-002
41.82000 8.6156974517e-002
41.83000 8.9667980321e-002
41.84000 9.3297365708e-002
41.85000 9.7047430573e-002
41.86000 1.0092046623e-001
41.87000 1.0491875483e-001
41.88000 1.0904456643e-001
41.89000 1.1330015325e-001
41.90000 1.1768774076e-001
41.91000 1.2220951517e-001
41.92000 1.2686760729e-001
41.93000 1.3166407245e-001
41.94000 1.3660086679e-001
41.95000 1.4167981986e-001
41.96000 1.4690260410e-001
41.97000 1.5227070164e-001
41.98000 1.5778536905e-001
41.99000 1.6344760087e-001
42.00000 1.6925809292e-001
42.01000 1.7521720630e-001
42.02000 1.8132493319e-001
42.03000 1.8758086569e-001
42.04000 1.9398416862e-001
42.05000 2.0053355746e-001
42.06000 2.0722728237e-001
42.07000 2.1406311905e-001
42.08000 2.2103836702e-001
42.09000 2.2814985581e-001
42.10000 2.3539395905e-001
42.11000 2.4276661622e-001
42.12000 2.5026336176e-001
42.13000 2.5787936048e-001
42.14000 2.6560944837e-001
42.15000 2.7344817734e-001
42.16000 2.8138986245e-001
42.17000 2.8942862981e-001
42.18000 2.9755846352e-001
42.19000 3.0577324983e-001
42.20000 3.1406681702e-001
42.21000 3.2243296932e-001
42.22000 3.3086551392e-001
42.23000 3.3935828016e-001
42.24000 3.4790513025e-001
42.25000 3.5649996173e-001
42.26000 3.6513670168e-001
42.27000 3.7380929378e-001
42.28000 3.8251167900e-001
42.29000 3.9123777167e-001
42.30000 3.9998143246e-001
42.31000 4.0873644022e-001
42.32000 4.1749646479e-001
42.33000 4.2625504270e-001
42.34000 4.3500555771e-001
42.35000 4.4374122809e-001
42.36000 4.5245510198e-001
42.37000 4.6114006225e-001
42.38000 4.6978884139e-001
42.39000 4.7839404713e-001
42.40000 4.8694819842e-001
42.41000 4.9544377133e-001
42.42000 5.0387325390e-001
42.43000 5.1222920839e-001
42.44000 5.2050433911e-001
42.45000 5.2869156379e-001
42.46000 5.3678408609e-001
42.47000 5.4477546669e-001
42.48000 5.5265969069e-001
42.49000 5.6043122868e-001
42.50000 5.6808508951e-001
42.51000 5.7561686271e-001
42.52000 5.8302274911e-001
42.53000 5.9029957858e-001
42.54000 5.9744481426e-001
42.55000 6.0445654328e-001
42.56000 6.1133345428e-001
42.57000 6.1807480268e-001
42.58000 6.2468036511e-001
42.59000 6.3115038453e-001
42.60000 6.3748550815e-001
42.61000 6.4368672038e-001
42.62000 6.4975527294e-001
42.63000 6.5569261472e-001
42.64000 6.6150032337e-001
42.65000 6.6718004105e-001
42.66000 6.7273341594e-001
42.67000 6.7816205141e-001
42.68000 6.8346746398e-001
42.69000 6.8865105107e-001
42.70000 6.9371406926e-001
42.71000 6.9865762297e-001
42.72000 7.0348266375e-001
42.73000 7.0818999939e-001
42.74000 7.1278031210e-001
42.75000 7.1725418469e-001
42.76000 7.2161213329e-001
42.77000 7.2585464511e-001
42.78000 7.2998221952e-001
42.79000 7.3399541080e-001
42.80000 7.3789487067e-001
42.81000 7.4168138899e-001
42.82000 7.4535593100e-001
42.83000 7.4891966972e-001
42.84000 7.5237401223e-001
42.85000 7.5572061891e-001
42.86000 7.5896141491e-001
42.87000 7.6209859348e-001
42.88000 7.6513461095e-001
42.89000 7.6807217368e-001
42.90000 7.7091421732e-001
42.91000 7.7366387914e-001
42.92000 7.7632446429e-001
42.93000 7.7889940719e-001
42.94000 7.8139222919e-001
42.95000 7.8380649383e-001
42.96000 7.8614576119e-001
42.97000 7.8841354248e-001
42.98000 7.9061325636e-001
42.99000 7.9274818822e-001
43.00000 7.9482145332e-001
43.01000 7.9683596507e-001
43.02000 7.9879440893e-001
43.03000 8.0069922273e-001
43.04000 8.0255258373e-001
43.05000 8.0435640258e-001
43.06000 8.0611232430e-001
43.07000 8.0782173586e-001
43.08000 8.0948578022e-001
43.09000 8.1110537605e-001
43.10000 8.1268124256e-001
43.11000 8.1421392860e-001
43.12000 8.1570384499e-001
43.13000 8.1715129921e-001
43.14000 8.1855653135e-001
43.15000 8.1991975024e-001
43.16000 8.2124116873e-001
43.17000 8.2252103721e-001
43.18000 8.2375967432e-001
43.19000 8.2495749407e-001
43.20000 8.2611502884e-001
43.21000 8.2723294735e-001
43.22000 8.2831206759e-001
43.23000 8.2935336411e-001
43.24000 8.3035796987e-001
43.25000 8.3132717252e-001
43.26000 8.3226240544e-001
43.27000 8.3316523395e-001
43.28000 8.3403733707e-001
43.29000 8.3488048561e-001
43.30000 8.3569651718e-001
43.31000 8.3648730898e-001
43.32000 8.3725474913e-001
43.33000 8.3800070741e-001
43.34000 8.3872700626e-001
43.35000 8.3943539284e-001
43.36000 8.4012751287e-001
43.37000 8.4080488702e-001
43.38000 8.4146889033e-001
43.39000 8.4212073538e-001
43.40000 8.4276145932e-001
43.41000 8.4339191536e-001
43.42000 8.4401276858e-001
43.43000 8.4462449639e-001
43.44000 8.4522739331e-001
43.45000 8.4582158015e-001
43.46000 8.4640701700e-001
43.47000 8.4698351991e-001
43.48000 8.4755078061e-001
43.49000 8.4810838880e-001
43.50000 8.4865585636e-001
43.51000 8.4919264292e-001
43.52000 8.4971818199e-001
43.53000 8.5023190707e-001
43.54000 8.5073327704e-001
43.55000 8.5122180023e-001
43.56000 8.5169705649e-001
43.57000 8.5215871678e-001
43.58000 8.5260655987e-001
43.59000 8.5304048562e-001
43.60000 8.5346052473e-001
43.61000 8.5386684461e-001
43.62000 8.5425975138e-001
43.63000 8.5463968801e-001
43.64000 8.5500722864e-001
43.65000 8.5536306943e-001
43.66000 8.5570801604e-001
43.67000 8.5604296832e-001
43.68000 8.5636890255e-001
43.69000 8.5668685172e-001
43.70000 8.5699788442e-001
43.71000 8.5730308291e-001
43.72000 8.5760352093e-001
43.73000 8.5790024179e-001
43.74000 8.5819423737e-001
43.75000 8.5848642840e-001
43.76000 8.5877764671e-001
43.77000 8.5906861963e-001
43.78000 8.5935995708e-001
43.79000 8.5965214153e-001
43.80000 8.5994552107e-001
43.81000 8.6024030578e-001
43.82000 8.6053656731e-001
43.83000 8.6083424175e-001
43.84000 8.6113313574e-001
43.85000 8.6143293541e-001
43.86000 8.6173321814e-001
43.87000 8.6203346677e-001
43.88000 8.6233308572e-001
43.89000 8.6263141891e-001
43.90000 8.6292776876e-001
43.91000 8.6322141596e-001
43.92000 8.6351163949e-001
43.93000 8.6379773643e-001
43.94000 8.6407904095e-001
43.95000 8.6435494233e-001
43.96000 8.6462490122e-001
43.97000 8.6488846407e-001
43.98000 8.6514527525e-001
43.99000 8.6539508667e-001
44.00000 8.6563776456e-001
44.01000 8.6587329350e-001
44.02000 8.6610177746e-001
44.03000 8.6632343792e-001
44.04000 8.6653860915e-001
44.05000 8.6674773082e-001
44.06000 8.6695133807e-001
44.07000 8.6715004945e-001
44.08000 8.6734455290e-001
44.09000 8.6753559018e-001
44.10000 8.6772394021e-001
44.11000 8.6791040159e-001
44.12000 8.6809577485e-001
44.13000 8.6828084479e-001
44.14000 8.6846636326e-001
44.15000 8.6865303298e-001
44.16000 8.6884149247e-001
44.17000 8.6903230269e-001
44.18000 8.6922593553e-001
44.19000 8.6942276442e-001
44.20000 8.6962305730e-001
44.21000 8.6982697202e-001
44.22000 8.7003455426e-001
44.23000 8.7024573806e-001
44.24000 8.7046034881e-001
44.25000 8.7067810872e-001
44.26000 8.7089864451e-001
44.27000 8.7112149725e-001
44.28000 8.7134613398e-001
44.29000 8.7157196095e-001
44.30000 8.7179833807e-001
44.31000 8.7202459431e-001
44.32000 8.7225004365e-001
44.33000 8.7247400120e-001
44.34000 8.7269579920e-001
44.35000 8.7291480247e-001
44.36000 8.7313042298e-001
44.37000 8.7334213325e-001
44.38000 8.7354947827e-001
44.39000 8.7375208563e-001
44.40000 8.7394967375e-001
44.41000 8.7414205798e-001
44.42000 8.7432915445e-001
44.43000 8.7451098160e-001
44.44000 8.7468765940e-001
44.45000 8.7485940633e-001
44.46000 8.7502653413e-001
44.47000 8.7518944050e-001
44.48000 8.7534859993e-001
44.49000 8.7550455298e-001
44.50000 8.7565789402e-001
44.51000 8.7580925804e-001
44.52000 8.7595930653e-001
44.53000 8.7610871298e-001
44.54000 8.7625814821e-001
44.55000 8.7640826583e-001
44.56000 8.7655968829e-001
44.57000 8.7671299364e-001
44.58000 8.7686870342e-001
44.59000 8.7702727182e-001
44.60000 8.7718907643e-001
44.61000 8.7735441076e-001
44.62000 8.7752347851e-001
44.63000 8.7769638995e-001
44.64000 8.7787316030e-001
44.65000 8.7805371010e-001
44.66000 8.7823786772e-001
44.67000 8.7842537375e-001
44.68000 8.7861588728e-001
44.69000 8.7880899381e-001
44.70000 8.7900421481e-001
44.71000 8.7920101844e-001
44.72000 8.7939883139e-001
44.73000 8.7959705158e-001
44.74000 8.7979506129e-001
44.75000 8.7999224059e-001
44.76000 8.8018798070e-001
44.77000 8.8038169707e-001
44.78000 8.8057284176e-001
44.79000 8.8076091505e-001
44.80000 8.8094547590e-001
44.81000 8.8112615105e-001
44.82000 8.8130264271e-001
44.83000 8.8147473446e-001
44.84000 8.8164229550e-001
44.85000 8.8180528298e-001
44.86000 8.8196374246e-001
44.87000 8.8211780646e-001
44.88000 8.8226769128e-001
44.89000 8.8241369191e-001
44.90000 8.8255617549e-001
44.91000 8.8269557314e-001
44.92000 8.8283237063e-001
44.93000 8.8296709789e-001
44.94000 8.8310031768e-001
44.95000 8.8323261374e-001
44.96000 8.8336457846e-001
44.97000 8.8349680060e-001
44.98000 8.8362985305e-001
44.99000 8.8376428113e-001
45.00000 8.8390059148e-001
45.01000 8.8403924181e-001
45.02000 8.8418063186e-001
45.03000 8.8432509543e-001
45.04000 8.8447289404e-001
45.05000 8.8462421192e-001
45.06000 8.8477915278e-001
45.07000 8.8493773812e-001
45.08000 8.8509990737e-001
45.09000 8.8526551956e-001
45.10000 8.8543435674e-001
45.11000 8.8560612887e-001
45.12000 8.8578048019e-001
45.13000 8.8595699687e-001
45.14000 8.8613521579e-001
45.15000 8.8631463428e-001
45.16000 8.8649472058e-001
45.17000 8.8667492488e-001
45.18000 8.8685469059e-001
45.19000 8.8703346574e-001
45.20000 8.8721071416e-001
45.21000 8.8738592636e-001
45.22000 8.8755862970e-001
45.23000 8.8772839782e-001
45.24000 8.8789485906e-001
45.25000 8.8805770370e-001
45.26000 8.8821668994e-001
45.27000 8.8837164845e-001
45.28000 8.8852248540e-001
45.29000 8.8866918396e-001
45.30000 8.8881180430e-001
45.31000 8.8895048193e-001
45.32000 8.8908542461e-001
45.33000 8.8921690780e-001
45.34000 8.8934526878e-001
45.35000 8.8947089960e-001
45.36000 8.8959423890e-001
45.37000 8.8971576301e-001
45.38000 8.8983597616e-001
45.39000 8.8995540037e-001
45.40000 8.9007456498e-001
45.41000 8.9019399611e-001
45.42000 8.9031420628e-001
45.43000 8.9043568437e-001
45.44000 8.9055888607e-001
45.45000 8.9068422514e-001
45.46000 8.9081206548e-001
45.47000 8.9094271426e-001
45.48000 8.9107641621e-001
45.49000 8.9121334915e-001
45.50000 8.9135362092e-001
45.51000 8.9149726762e-001
45.52000 8.9164425332e-001
45.53000 8.9179447111e-001
45.54000 8.9194774564e-001
45.55000 8.9210383684e-001
45.56000 8.9226244499e-001
45.57000 8.9242321683e-001
45.58000 8.9258575277e-001
45.59000 8.9274961484e-001
45.60000 8.9291433548e-001
45.61000 8.9307942673e-001
45.62000 8.9324438982e-001
45.63000 8.9340872496e-001
45.64000 8.9357194098e-001
45.65000 8.9373356488e-001
45.66000 8.9389315089e-001
45.67000 8.9405028900e-001
45.68000 8.9420461269e-001
45.69000 8.9435580586e-001
45.70000 8.9450360869e-001
45.71000 8.9464782239e-001
45.72000 8.9478831273e-001
45.73000 8.9492501236e-001
45.74000 8.9505792173e-001
45.75000 8.9518710883e-001
45.76000 8.9531270746e-001
45.77000 8.9543491443e-001
45.78000 8.9555398543e-001
45.79000 8.9567022984e-001
45.80000 8.9578400457e-001
45.81000 8.9589570699e-001
45.82000 8.9600576718e-001
45.83000 8.9611463952e-001
45.84000 8.9622279400e-001
45.85000 8.9633070717e-001
45.86000 8.9643885306e-001
45.87000 8.9654769428e-001
45.88000 8.9665767329e-001
45.89000 8.9676920416e-001
45.90000 8.9688266492e-001
45.91000 8.9699839060e-001
45.92000 8.9711666720e-001
45.93000 8.9723772654e-001
45.94000 8.9736174219e-001
45.95000 8.9748882651e-001
45.96000 8.9761902887e-001
45.97000 8.9775233506e-001
45.98000 8.9788866785e-001
45.99000 8.9802788874e-001
46.00000 8.9816980089e-001
46.01000 8.9831415308e-001
46.02000 8.9846064462e-001
46.03000 8.9860893125e-001
46.04000 8.9875863172e-001
46.05000 8.9890933511e-001
46.06000 8.9906060861e-001
46.07000 8.9921200568e-001
46.08000 8.9936307440e-001
46.09000 8.9951336595e-001
46.10000 8.9966244292e-001
46.11000 8.9980988736e-001
46.12000 8.9995530850e-001
46.13000 9.0009834985e-001
46.14000 9.0023869568e-001
46.15000 9.0037607667e-001
46.16000 9.0051027474e-001
46.17000 9.0064112678e-001
46.18000 9.0076852749e-001
46.19000 9.0089243102e-001
46.20000 9.0101285159e-001
46.21000 9.0112986292e-001
46.22000 9.0124359660e-001
46.23000 9.0135423943e-001
46.24000 9.0146202974e-001
46.25000 9.0156725272e-001
46.26000 9.0167023504e-001
46.27000 9.0177133863e-001
46.28000 9.0187095391e-001
46.29000 9.0196949256e-001
46.30000 9.0206737984e-001
46.31000 9.0216504687e-001
46.32000 9.0226292268e-001
46.33000 9.0236142649e-001
46.34000 9.0246096012e-001
46.35000 9.0256190082e-001
46.36000 9.0266459455e-001
46.37000 9.0276934987e-001
46.38000 9.0287643258e-001
46.39000 9.0298606113e-001
46.40000 9.0309840288e-001
46.41000 9.0321357139e-001
46.42000 9.0333162458e-001
46.43000 9.0345256401e-001
46.44000 9.0357633508e-001
46.45000 9.0370282828e-001
46.46000 9.0383188146e-001
46.47000 9.0396328292e-001
46.48000 9.0409677546e-001
46.49000 9.0423206121e-001
46.50000 9.0436880712e-001
46.51000 9.0450665111e-001
46.52000 9.0464520866e-001
46.53000 9.0478407977e-001
46.54000 9.0492285622e-001
46.55000 9.0506112886e-001
46.56000 9.0519849497e-001
46.57000 9.0533456538e-001
46.58000 9.0546897137e-001
46.59000 9.0560137117e-001
46.60000 9.0573145593e-001
46.61000 9.0585895511e-001
46.62000 9.0598364110e-001
46.63000 9.0610533308e-001
46.64000 9.0622390011e-001
46.65000 9.0633926316e-001
46.66000 9.0645139634e-001
46.67000 9.0656032712e-001
46.68000 9.0666613562e-001
46.69000 9.0676895296e-001
46.70000 9.0686895871e-001
46.71000 9.0696637755e-001
46.72000 9.0706147505e-001
46.73000 9.0715455286e-001
46.74000 9.0724594323e-001
46.75000 9.0733600302e-001
46.76000 9.0742510734e-001
46.77000 9.0751364289e-001
46.78000 9.0760200114e-001
46.79000 9.0769057146e-001
46.80000 9.0777973434e-001
46.81000 9.0786985477e-001
46.82000 9.0796127600e-001
46.83000 9.0805431360e-001
46.84000 9.0814925017e-001
46.85000 9.0824633053e-001
46.86000 9.0834575770e-001
46.87000 9.0844768951e-001
46.88000 9.0855223613e-001
46.89000 9.0865945836e-001
46.90000 9.0876936679e-001
46.91000 9.0888192187e-001
46.92000 9.0899703480e-001
46.93000 9.0911456929e-001
46.94000 9.0923434414e-001
46.95000 9.0935613652e-001
46.96000 9.0947968604e-001
46.97000 9.0960469938e-001
46.98000 9.0973085547e-001
46.99000 9.0985781118e-001
47.00000 9.0998520727e-001
47.01000 9.1011267470e-001
47.02000 9.1023984095e-001
47.03000 9.1036633651e-001
47.04000 9.1049180116e-001
47.05000 9.1061589018e-001
47.06000 9.1073828017e-001
47.07000 9.1085867452e-001
47.08000 9.1097680842e-001
47.09000 9.1109245324e-001
47.10000 9.1120542033e-001
47.11000 9.1131556406e-001
47.12000 9.1142278420e-001
47.13000 9.1152702736e-001
47.14000 9.1162828780e-001
47.15000 9.1172660729e-001
47.16000 9.1182207421e-001
47.17000 9.1191482186e-001
47.18000 9.1200502599e-001
47.19000 9.1209290168e-001
47.20000 9.1217869945e-001
47.21000 9.1226270095e-001
47.22000 9.1234521397e-001
47.23000 9.1242656717e-001
47.24000 9.1250710445e-001
47.25000 9.1258717903e-001
47.26000 9.1266714747e-001
47.27000 9.1274736367e-001
47.28000 9.1282817292e-001
47.29000 9.1290990610e-001
47.30000 9.1299287424e-001
47.31000 9.1307736336e-001
47.32000 9.1316362979e-001
47.33000 9.1325189600e-001
47.34000 9.1334234708e-001
47.35000 9.1343512773e-001
47.36000 9.1353034009e-001
47.37000 9.1362804219e-001
47.38000 9.1372824718e-001
47.39000 9.1383092329e-001
47.40000 9.1393599458e-001
47.41000 9.1404334237e-001
47.42000 9.1415280742e-001
47.43000 9.1426419272e-001
47.44000 9.1437726693e-001
47.45000 9.1449176839e-001
47.46000 9.1460740958e-001
47.47000 9.1472388198e-001
47.48000 9.1484086131e-001
47.49000 9.1495801296e-001
47.50000 9.1507499759e-001
47.51000 9.1519147677e-001
47.52000 9.1530711859e-001
47.53000 9.1542160314e-001
47.54000 9.1553462779e-001
47.55000 9.1564591207e-001
47.56000 9.1575520231e-001
47.57000 9.1586227568e-001
47.58000 9.1596694376e-001
47.59000 9.1606905555e-001
47.60000 9.1616849980e-001
47.61000 9.1626520670e-001
47.62000 9.1635914887e-001
47.63000 9.1645034164e-001
47.64000 9.1653884265e-001
47.65000 9.1662475072e-001
47.66000 9.1670820408e-001
47.67000 9.1678937792e-001
47.68000 9.1686848141e-001
47.69000 9.1694575409e-001
47.70000 9.1702146188e-001
47.71000 9.1709589257e-001
47.72000 9.1716935110e-001
47.73000 9.1724215444e-001
47.74000 9.1731462644e-001
47.75000 9.1738709250e-001
47.76000 9.1745987428e-001
47.77000 9.1753328449e-001
47.78000 9.1760762188e-001
47.79000 9.1768316639e-001
47.80000 9.1776017480e-001
47.81000 9.1783887655e-001
47.82000 9.1791947028e-001
47.83000 9.1800212063e-001
47.84000 9.1808695580e-001
47.85000 9.1817406562e-001
47.86000 9.1826350027e-001
47.87000 9.1835526958e-001
47.88000 9.1844934313e-001
47.89000 9.1854565083e-001
47.90000 9.1864408425e-001
47.91000 9.1874449849e-001
47.92000 9.1884671468e-001
47.93000 9.1895052298e-001
47.94000 9.1905568606e-001
47.95000 9.1916194303e-001
47.96000 9.1926901371e-001
47.97000 9.1937660320e-001
47.98000 9.1948440669e-001
47.99000 9.1959211434e-001
48.00000 9.1969941629e-001
48.01000 9.1980600762e-001
48.02000 9.1991159323e-001
48.03000 9.2001589250e-001
48.04000 9.2011864374e-001
48.05000 9.2021960832e-001
48.06000 9.2031857438e-001
48.07000 9.2041536013e-001
48.08000 9.2050981662e-001
48.09000 9.2060183005e-001
48.10000 9.2069132337e-001
48.11000 9.2077825747e-001
48.12000 9.2086263160e-001
48.13000 9.2094448323e-001
48.14000 9.2102388738e-001
48.15000 9.2110095520e-001
48.16000 9.2117583215e-001
48.17000 9.2124869550e-001
48.18000 9.2131975145e-001
48.19000 9.2138923172e-001
48.20000 9.2145738980e-001
48.21000 9.2152449688e-001
48.22000 9.2159083748e-001
48.23000 9.2165670490e-001
48.24000 9.2172239663e-001
48.25000 9.2178820960e-001
48.26000 9.2185443551e-001
48.27000 9.2192135632e-001
48.28000 9.2198923984e-001
48.29000 9.2205833561e-001
48.30000 9.2212887101e-001
48.31000 9.2220104789e-001
48.32000 9.2227503943e-001
48.33000 9.2235098760e-001
48.34000 9.2242900106e-001
48.35000 9.2250915360e-001
48.36000 9.2259148313e-001
48.37000 9.2267599120e-001
48.38000 9.2276264319e-001
48.39000 9.2285136892e-001
48.40000 9.2294206393e-001
48.41000 9.2303459120e-001
48.42000 9.2312878342e-001
48.43000 9.2322444573e-001
48.44000 9.2332135880e-001
48.45000 9.2341928236e-001
48.46000 9.2351795901e-001
48.47000 9.2361711826e-001
48.48000 9.2371648079e-001
48.49000 9.2381576279e-001
48.50000 9.2391468040e-001
48.51000 9.2401295412e-001
48.52000 9.2411031306e-001
48.53000 9.2420649919e-001
48.54000 9.2430127124e-001
48.55000 9.2439440836e-001
48.56000 9.2448571352e-001
48.57000 9.2457501641e-001
48.58000 9.2466217603e-001
48.59000 9.2474708271e-001
48.60000 9.2482965974e-001
48.61000 9.2490986442e-001
48.62000 9.2498768859e-001
48.63000 9.2506315862e-001
48.64000 9.2513633491e-001
48.65000 9.2520731084e-001
48.66000 9.2527621117e-001
48.67000 9.2534319007e-001
48.68000 9.2540842861e-001
48.69000 9.2547213189e-001
48.70000 9.2553452583e-001
48.71000 9.2559585362e-001
48.72000 9.2565637197e-001
48.73000 9.2571634709e-001
48.74000 9.2577605064e-001
48.75000 9.2583575557e-001
48.76000 9.2589573192e-001
48.77000 9.2595624280e-001
48.78000 9.2601754034e-001
48.79000 9.2607986196e-001
48.80000 9.2614342682e-001
48.81000 9.2620843255e-001
48.82000 9.2627505237e-001
48.83000 9.2634343254e-001
48.84000 9.2641369026e-001
48.85000 9.2648591203e-001
48.86000 9.2656015245e-001
48.87000 9.2663643349e-001
48.88000 9.2671474434e-001
48.89000 9.2679504165e-001
48.90000 9.2687725033e-001
48.91000 9.2696126478e-001
48.92000 9.2704695062e-001
48.93000 9.2713414680e-001
48.94000 9.2722266811e-001
48.95000 9.2731230808e-001
48.96000 9.2740284214e-001
48.97000 9.2749403109e-001
48.98000 9.2758562469e-001
48.99000 9.2767736552e-001
49.00000 9.2776899282e-001
49.01000 9.2786024647e-001
49.02000 9.2795087082e-001
49.03000 9.2804061859e-001
49.04000 9.2812925449e-001
49.05000 9.2821655875e-001
49.06000 9.2830233030e-001
49.07000 9.2838638979e-001
49.08000 9.2846858217e-001
49.09000 9.2854877892e-001
49.10000 9.2862687986e-001
49.11000 9.2870281463e-001
49.12000 9.2877654356e-001
49.13000 9.2884805817e-001
49.14000 9.2891738124e-001
49.15000 9.2898456631e-001
49.16000 9.2904969678e-001
49.17000 9.2911288459e-001
49.18000 9.2917426845e-001
49.19000 9.2923401166e-001
49.20000 9.2929229961e-001
49.21000 9.2934933698e-001
49.22000 9.2940534460e-001
49.23000 9.2946055613e-001
49.24000 9.2951521457e-001
49.25000 9.2956956864e-001
49.26000 9.2962386906e-001
49.27000 9.2967836487e-001
49.28000 9.2973329975e-001
49.29000 9.2978890849e-001
49.30000 9.2984541349e-001
49.31000 9.2990302163e-001
49.32000 9.2996192122e-001
49.33000 9.3002227934e-001
49.34000 9.3008423947e-001
49.35000 9.3014791946e-001
49.36000 9.3021340988e-001
49.37000 9.3028077286e-001
49.38000 9.3035004123e-001
49.39000 9.3042121815e-001
49.40000 9.3049427720e-001
49.41000 9.3056916287e-001
49.42000 9.3064579143e-001
49.43000 9.3072405233e-001
49.44000 9.3080380985e-001
49.45000 9.3088490517e-001
49.46000 9.3096715881e-001
49.47000 9.3105037328e-001
49.48000 9.3113433603e-001
49.49000 9.3121882262e-001
49.50000 9.3130360000e-001
49.51000 9.3138842993e-001
49.52000 9.3147307251e-001
49.53000 9.3155728963e-001
49.54000 9.3164084845e-001
49.55000 9.3172352478e-001
49.56000 9.3180510628e-001
49.57000 9.3188539553e-001
49.58000 9.3196421284e-001
49.59000 9.3204139882e-001
49.60000 9.3211681661e-001
49.61000 9.3219035377e-001
49.62000 9.3226192389e-001
49.63000 9.3233146768e-001
49.64000 9.3239895383e-001
49.65000 9.3246437927e-001
49.66000 9.3252776919e-001
49.67000 9.3258917659e-001
49.68000 9.3264868133e-001
49.69000 9.3270638902e-001
49.70000 9.3276242927e-001
49.71000 9.3281695387e-001
49.72000 9.3287013442e-001
49.73000 9.3292215986e-001
49.74000 9.3297323369e-001
49.75000 9.3302357094e-001
49.76000 9.3307339513e-001
49.77000 9.3312293496e-001
49.78000 9.3317242107e-001
49.79000 9.3322208269e-001
49.80000 9.3327214441e-001
49.81000 9.3332282294e-001
49.82000 9.3337432409e-001
49.83000 9.3342683986e-001
49.84000 9.3348054574e-001
49.85000 9.3353559827e-001
49.86000 9.3359213290e-001
49.87000 9.3365026212e-001
49.88000 9.3371007397e-001
49.89000 9.3377163082e-001
49.90000 9.3383496866e-001
49.91000 9.3390009660e-001
49.92000 9.3396699688e-001
49.93000 9.3403562524e-001
49.94000 9.3410591155e-001
49.95000 9.3417776100e-001
49.96000 9.3425105547e-001
49.97000 9.3432565527e-001
49.98000 9.3440140123e-001
49.99000 9.3447811700e-001
50.00000 9.3455561160e-001
