0.00000 9.1374488510e-021
0.01000 9.4640423042e-009
0.02000 1.9605777052e-008
0.03000 3.0463409027e-008
0.04000 4.2077151165e-008
0.05000 5.4489328243e-008
0.06000 6.7744485931e-008
0.07000 8.1889505520e-008
0.08000 9.6973724590e-008
0.09000 1.1304906397e-007
0.10000 1.3017016126e-007
0.11000 1.4839451139e-007
0.12000 1.6778261438e-007
0.13000 1.8839813089e-007
0.14000 2.1030804590e-007
0.15000 2.3358284085e-007
0.16000 2.5829667484e-007
0.17000 2.8452757532e-007
0.18000 3.1235763873e-007
0.19000 3.4187324167e-007
0.20000 3.7316526313e-007
0.21000 4.0632931840e-007
0.22000 4.4146600529e-007
0.23000 4.7868116327e-007
0.24000 5.1808614623e-007
0.25000 5.5979810970e-007
0.26000 6.0394031311e-007
0.27000 6.5064243807e-007
0.28000 7.0004092348e-007
0.29000 7.5227931828e-007
0.30000 8.0750865301e-007
0.31000 8.6588783091e-007
0.32000 9.2758403987e-007
0.33000 9.9277318623e-007
0.34000 1.0616403516e-006
0.35000 1.1343802740e-006
0.36000 1.2111978547e-006
0.37000 1.2923086920e-006
0.38000 1.3779396431e-006
0.39000 1.4683294172e-006
0.40000 1.5637291987e-006
0.41000 1.6644033050e-006
0.42000 1.7706298787e-006
0.43000 1.8827016176e-006
0.44000 2.0009265436e-006
0.45000 2.1256288125e-006
0.46000 2.2571495682e-006
0.47000 2.3958478421e-006
0.48000 2.5421015012e-006
0.49000 2.6963082480e-006
0.50000 2.8588866732e-006
0.51000 3.0302773661e-006
0.52000 3.2109440851e-006
0.53000 3.4013749909e-006
0.54000 3.6020839475e-006
0.55000 3.8136118929e-006
0.56000 4.0365282851e-006
0.57000 4.2714326256e-006
0.58000 4.5189560666e-006
0.59000 4.7797631060e-006
0.60000 5.0545533737e-006
0.61000 5.3440635160e-006
0.62000 5.6490691834e-006
0.63000 5.9703871257e-006
0.64000 6.3088774030e-006
0.65000 6.6654457170e-006
0.66000 7.0410458702e-006
0.67000 7.4366823597e-006
0.68000 7.8534131141e-006
0.69000 8.2923523795e-006
0.70000 8.7546737653e-006
0.71000 9.2416134563e-006
0.72000 9.7544736031e-006
0.73000 1.0294625897e-005
0.74000 1.0863515346e-005
0.75000 1.1462664251e-005
0.76000 1.2093676412e-005
0.77000 1.2758241560e-005
0.78000 1.3458140030e-005
0.79000 1.4195247705e-005
0.80000 1.4971541219e-005
0.81000 1.5789103457e-005
0.82000 1.6650129355e-005
0.83000 1.7556932026e-005
0.84000 1.8511949217e-005
0.85000 1.9517750134e-005
0.86000 2.0577042635e-005
0.87000 2.1692680831e-005
0.88000 2.2867673098e-005
0.89000 2.4105190544e-005
0.90000 2.5408575939e-005
0.91000 2.6781353142e-005
0.92000 2.8227237045e-005
0.93000 2.9750144082e-005
0.94000 3.1354203304e-005
0.95000 3.3043768081e-005
0.96000 3.4823428444e-005
0.97000 3.6698024112e-005
0.98000 3.8672658246e-005
0.99000 4.0752711955e-005
1.00000 4.2943859609e-005
1.01000 4.5252085003e-005
1.02000 4.7683698401e-005
1.03000 5.0245354532e-005
1.04000 5.2944071575e-005
1.05000 5.5787251187e-005
1.06000 5.8782699632e-005
1.07000 6.1938650078e-005
1.08000 6.5263786111e-005
1.09000 6.8767266537e-005
1.10000 7.2458751548e-005
1.11000 7.6348430311e-005
1.12000 8.0447050061e-005
1.13000 8.4765946782e-005
1.14000 8.9317077551e-005
1.15000 9.4113054640e-005
1.16000 9.9167181449e-005
1.17000 1.0449349039e-004
1.18000 1.1010678282e-004
1.19000 1.1602267107e-004
1.20000 1.2225762277e-004
1.21000 1.2882900752e-004
1.22000 1.3575514604e-004
1.23000 1.4305536193e-004
1.24000 1.5075003610e-004
1.25000 1.5886066420e-004
1.26000 1.6740991687e-004
1.27000 1.7642170330e-004
1.28000 1.8592123795e-004
1.29000 1.9593511078e-004
1.30000 2.0649136107e-004
1.31000 2.1761955502e-004
1.32000 2.2935086720e-004
1.33000 2.4171816626e-004
1.34000 2.5475610474e-004
1.35000 2.6850121351e-004
1.36000 2.8299200077e-004
1.37000 2.9826905594e-004
1.38000 3.1437515852e-004
1.39000 3.3135539234e-004
1.40000 3.4925726510e-004
1.41000 3.6813083360e-004
1.42000 3.8802883492e-004
1.43000 4.0900682352e-004
1.44000 4.3112331471e-004
1.45000 4.5443993457e-004
1.46000 4.7902157651e-004
1.47000 5.0493656484e-004
1.48000 5.3225682526e-004
1.49000 5.6105806280e-004
1.50000 5.9141994715e-004
1.51000 6.2342630562e-004
1.52000 6.5716532404e-004
1.53000 6.9272975552e-004
1.54000 7.3021713749e-004
1.55000 7.6973001686e-004
1.56000 8.1137618375e-004
1.57000 8.5526891354e-004
1.58000 9.0152721759e-004
1.59000 9.5027610256e-004
1.60000 1.0016468383e-003
1.61000 1.0557772347e-003
1.62000 1.1128119263e-003
1.63000 1.1729026667e-003
1.64000 1.2362086302e-003
1.65000 1.3028967224e-003
1.66000 1.3731418987e-003
1.67000 1.4471274905e-003
1.68000 1.5250455392e-003
1.69000 1.6070971370e-003
1.70000 1.6934927751e-003
1.71000 1.7844526976e-003
1.72000 1.8802072619e-003
1.73000 1.9809973037e-003
1.74000 2.0870745071e-003
1.75000 2.1987017789e-003
1.76000 2.3161536252e-003
1.77000 2.4397165314e-003
1.78000 2.5696893428e-003
1.79000 2.7063836470e-003
1.80000 2.8501241545e-003
1.81000 3.0012490788e-003
1.82000 3.1601105138e-003
1.83000 3.3270748077e-003
1.84000 3.5025229313e-003
1.85000 3.6868508417e-003
1.86000 3.8804698377e-003
1.87000 4.0838069071e-003
1.88000 4.2973050649e-003
1.89000 4.5214236802e-003
1.90000 4.7566387913e-003
1.91000 5.0034434077e-003
1.92000 5.2623477984e-003
1.93000 5.5338797646e-003
1.94000 5.8185848969e-003
1.95000 6.1170268153e-003
1.96000 6.4297873921e-003
1.97000 6.7574669568e-003
1.98000 7.1006844829e-003
1.99000 7.4600777555e-003
2.00000 7.8363035219e-003
2.01000 8.2300376221e-003
2.02000 8.6419751029e-003
2.03000 9.0728303143e-003
2.04000 9.5233369891e-003
2.05000 9.9942483080e-003
2.06000 1.0486336950e-002
2.07000 1.1000395133e-002
2.08000 1.1537234637e-002
2.09000 1.2097686830e-002
2.10000 1.2682602674e-002
2.11000 1.3292852741e-002
2.12000 1.3929327215e-002
2.13000 1.4592935906e-002
2.14000 1.5284608259e-002
2.15000 1.6005293376e-002
2.16000 1.6755960048e-002
2.17000 1.7537596793e-002
2.18000 1.8351211920e-002
2.19000 1.9197833603e-002
2.20000 2.0078509977e-002
2.21000 2.0994309263e-002
2.22000 2.1946319911e-002
2.23000 2.2935650776e-002
2.24000 2.3963431318e-002
2.25000 2.5030811835e-002
2.26000 2.6138963724e-002
2.27000 2.7289079775e-002
2.28000 2.8482374488e-002
2.29000 2.9720084428e-002
2.30000 3.1003468598e-002
2.31000 3.2333808842e-002
2.32000 3.3712410267e-002
2.33000 3.5140601679e-002
2.34000 3.6619736037e-002
2.35000 3.8151190910e-002
2.36000 3.9736368938e-002
2.37000 4.1376698283e-002
2.38000 4.3073633068e-002
2.39000 4.4828653796e-002
2.40000 4.6643267734e-002
2.41000 4.8519009252e-002
2.42000 5.0457440123e-002
2.43000 5.2460149738e-002
2.44000 5.4528755267e-002
2.45000 5.6664901711e-002
2.46000 5.8870261869e-002
2.47000 6.1146536171e-002
2.48000 6.3495452396e-002
2.49000 6.5918765232e-002
2.50000 6.8418255678e-002
2.51000 7.0995730270e-002
2.52000 7.3653020105e-002
2.53000 7.6391979664e-002
2.54000 7.9214485398e-002
2.55000 8.2122434073e-002
2.56000 8.5117740848e-002
2.57000 8.8202337082e-002
2.58000 9.1378167833e-002
2.59000 9.4647189048e-002
2.60000 9.8011364426e-002
2.61000 1.0147266193e-001
2.62000 1.0503304994e-001
2.63000 1.0869449301e-001
2.64000 1.1245894730e-001
2.65000 1.1632835550e-001
2.66000 1.2030464143e-001
2.67000 1.2438970419e-001
2.68000 1.2858541187e-001
2.69000 1.3289359481e-001
2.70000 1.3731603847e-001
2.71000 1.4185447584e-001
2.72000 1.4651057937e-001
2.73000 1.5128595256e-001
2.74000 1.5618212103e-001
2.75000 1.6120052330e-001
2.76000 1.6634250107e-001
2.77000 1.7160928923e-001
2.78000 1.7700200547e-001
2.79000 1.8252163967e-001
2.80000 1.8816904294e-001
2.81000 1.9394491652e-001
2.82000 1.9984980048e-001
2.83000 2.0588406233e-001
2.84000 2.1204788561e-001
2.85000 2.1834125847e-001
2.86000 2.2476396240e-001
2.87000 2.3131556111e-001
2.88000 2.3799538976e-001
2.89000 2.4480254446e-001
2.90000 2.5173587236e-001
2.91000 2.5879396222e-001
2.92000 2.6597513571e-001
2.93000 2.7327743949e-001
2.94000 2.8069863817e-001
2.95000 2.8823620832e-001
2.96000 2.9588733359e-001
2.97000 3.0364890097e-001
2.98000 3.1151749854e-001
2.99000 3.1948941446e-001
3.00000 3.2756063765e-001
3.01000 3.3572685990e-001
3.02000 3.4398347978e-001
3.03000 3.5232560818e-001
3.04000 3.6074807565e-001
3.05000 3.6924544155e-001
3.06000 3.7781200500e-001
3.07000 3.8644181757e-001
3.08000 3.9512869788e-001
3.09000 4.0386624780e-001
3.10000 4.1264787038e-001
3.11000 4.2146678942e-001
3.12000 4.3031607045e-001
3.13000 4.3918864312e-001
3.14000 4.4807732478e-001
3.15000 4.5697484524e-001
3.16000 4.6587387229e-001
3.17000 4.7476703804e-001
3.18000 4.8364696576e-001
3.19000 4.9250629704e-001
3.20000 5.0133771907e-001
3.21000 5.1013399176e-001
3.22000 5.1888797465e-001
3.23000 5.2759265320e-001
3.24000 5.3624116437e-001
3.25000 5.4482682127e-001
3.26000 5.5334313671e-001
3.27000 5.6178384538e-001
3.28000 5.7014292460e-001
3.29000 5.7841461354e-001
3.30000 5.8659343056e-001
3.31000 5.9467418883e-001
3.32000 6.0265200999e-001
3.33000 6.1052233582e-001
3.34000 6.1828093791e-001
3.35000 6.2592392525e-001
3.36000 6.3344774978e-001
3.37000 6.4084921001e-001
3.38000 6.4812545251e-001
3.39000 6.5527397159e-001
3.40000 6.6229260713e-001
3.41000 6.6917954059e-001
3.42000 6.7593328946e-001
3.43000 6.8255270007e-001
3.44000 6.8903693909e-001
3.45000 6.9538548366e-001
3.46000 7.0159811039e-001
3.47000 7.0767488341e-001
3.48000 7.1361614142e-001
3.49000 7.1942248409e-001
3.50000 7.2509475783e-001
3.51000 7.3063404109e-001
3.52000 7.3604162928e-001
3.53000 7.4131901950e-001
3.54000 7.4646789514e-001
3.55000 7.5149011050e-001
3.56000 7.5638767543e-001
3.57000 7.6116274026e-001
3.58000 7.6581758089e-001
3.59000 7.7035458430e-001
3.60000 7.7477623443e-001
3.61000 7.7908509849e-001
3.62000 7.8328381386e-001
3.63000 7.8737507543e-001
3.64000 7.9136162361e-001
3.65000 7.9524623293e-001
3.66000 7.9903170119e-001
3.67000 8.0272083934e-001
3.68000 8.0631646198e-001
3.69000 8.0982137844e-001
3.70000 8.1323838459e-001
3.71000 8.1657025522e-001
3.72000 8.1981973707e-001
3.73000 8.2298954247e-001
3.74000 8.2608234354e-001
3.75000 8.2910076702e-001
3.76000 8.3204738955e-001
3.77000 8.3492473364e-001
3.78000 8.3773526392e-001
3.79000 8.4048138412e-001
3.80000 8.4316543427e-001
3.81000 8.4578968853e-001
3.82000 8.4835635326e-001
3.83000 8.5086756557e-001
3.84000 8.5332539220e-001
3.85000 8.5573182870e-001
3.86000 8.5808879894e-001
3.87000 8.6039815492e-001
3.88000 8.6266167678e-001
3.89000 8.6488107312e-001
3.90000 8.6705798147e-001
3.91000 8.6919396902e-001
3.92000 8.7129053347e-001
3.93000 8.7334910407e-001
3.94000 8.7537104283e-001
3.95000 8.7735764579e-001
3.96000 8.7931014446e-001
3.97000 8.8122970738e-001
3.98000 8.8311744164e-001
3.99000 8.8497439464e-001
4.00000 8.8680155580e-001
4.01000 8.8859985834e-001
4.02000 8.9037018118e-001
4.03000 8.9211335071e-001
4.04000 8.9383014277e-001
4.05000 8.9552128453e-001
4.06000 8.9718745639e-001
4.07000 8.9882929395e-001
4.08000 9.0044738987e-001
4.09000 9.0204229584e-001
4.10000 9.0361452445e-001
4.11000 9.0516455106e-001
4.12000 9.0669281570e-001
4.13000 9.0819972487e-001
4.14000 9.0968565335e-001
4.15000 9.1115094602e-001
4.16000 9.1259591951e-001
4.17000 9.1402086402e-001
4.18000 9.1542604488e-001
4.19000 9.1681170424e-001
4.20000 9.1817806267e-001
4.21000 9.1952532062e-001
4.22000 9.2085366001e-001
4.23000 9.2216324563e-001
4.24000 9.2345422655e-001
4.25000 9.2472673751e-001
4.26000 9.2598090021e-001
4.27000 9.2721682456e-001
4.28000 9.2843460995e-001
4.29000 9.2963434636e-001
4.30000 9.3081611554e-001
4.31000 9.3197999203e-001
4.32000 9.3312604425e-001
4.33000 9.3425433542e-001
4.34000 9.3536492454e-001
4.35000 9.3645786723e-001
4.36000 9.3753321664e-001
4.37000 9.3859102418e-001
4.38000 9.3963134030e-001
4.39000 9.4065421520e-001
4.40000 9.4165969950e-001
4.41000 9.4264784483e-001
4.42000 9.4361870444e-001
4.43000 9.4457233373e-001
4.44000 9.4550879074e-001
4.45000 9.4642813663e-001
4.46000 9.4733043606e-001
4.47000 9.4821575762e-001
4.48000 9.4908417416e-001
4.49000 9.4993576308e-001
4.50000 9.5077060665e-001
4.51000 9.5158879223e-001
4.52000 9.5239041245e-001
4.53000 9.5317556548e-001
4.54000 9.5394435508e-001
4.55000 9.5469689082e-001
4.56000 9.5543328809e-001
4.57000 9.5615366822e-001
4.58000 9.5685815854e-001
4.59000 9.5754689232e-001
4.60000 9.5822000886e-001
4.61000 9.5887765343e-001
4.62000 9.5951997718e-001
4.63000 9.6014713717e-001
4.64000 9.6075929619e-001
4.65000 9.6135662271e-001
4.66000 9.6193929077e-001
4.67000 9.6250747982e-001
4.68000 9.6306137460e-001
4.69000 9.6360116494e-001
4.70000 9.6412704563e-001
4.71000 9.6463921624e-001
4.72000 9.6513788087e-001
4.73000 9.6562324803e-001
4.74000 9.6609553034e-001
4.75000 9.6655494441e-001
4.76000 9.6700171053e-001
4.77000 9.6743605248e-001
4.78000 9.6785819731e-001
4.79000 9.6826837505e-001
4.80000 9.6866681853e-001
4.81000 9.6905376310e-001
4.82000 9.6942944637e-001
4.83000 9.6979410802e-001
4.84000 9.7014798949e-001
4.85000 9.7049133375e-001
4.86000 9.7082438510e-001
4.87000 9.7114738885e-001
4.88000 9.7146059113e-001
4.89000 9.7176423864e-001
4.90000 9.7205857837e-001
4.91000 9.7234385745e-001
4.92000 9.7262032284e-001
4.93000 9.7288822112e-001
4.94000 9.7314779831e-001
4.95000 9.7339929959e-001
4.96000 9.7364296914e-001
4.97000 9.7387904990e-001
4.98000 9.7410778339e-001
4.99000 9.7432940947e-001
5.00000 9.7454416623e-001
5.01000 9.7475228971e-001
5.02000 9.7495401381e-001
5.03000 9.7514957006e-001
5.04000 9.7533918748e-001
5.05000 9.7552309241e-001
5.06000 9.7570150838e-001
5.07000 9.7587465593e-001
5.08000 9.7604275254e-001
5.09000 9.7620601240e-001
5.10000 9.7636464638e-001
5.11000 9.7651886186e-001
5.12000 9.7666886265e-001
5.13000 9.7681484885e-001
5.14000 9.7695701680e-001
5.15000 9.7709555895e-001
5.16000 9.7723066382e-001
5.17000 9.7736251587e-001
5.18000 9.7749129550e-001
5.19000 9.7761717891e-001
5.20000 9.7774033812e-001
5.21000 9.7786094084e-001
5.22000 9.7797915050e-001
5.23000 9.7809512618e-001
5.24000 9.7820902257e-001
5.25000 9.7832098994e-001
5.26000 9.7843117415e-001
5.27000 9.7853971662e-001
5.28000 9.7864675430e-001
5.29000 9.7875241967e-001
5.30000 9.7885684079e-001
5.31000 9.7896014124e-001
5.32000 9.7906244014e-001
5.33000 9.7916385222e-001
5.34000 9.7926448777e-001
5.35000 9.7936445269e-001
5.36000 9.7946384853e-001
5.37000 9.7956277251e-001
5.38000 9.7966131754e-001
5.39000 9.7975957227e-001
5.40000 9.7985762115e-001
5.41000 9.7995554444e-001
5.42000 9.8005341828e-001
5.43000 9.8015131475e-001
5.44000 9.8024930189e-001
5.45000 9.8034744377e-001
5.46000 9.8044580059e-001
5.47000 9.8054442867e-001
5.48000 9.8064338057e-001
5.49000 9.8074270513e-001
5.50000 9.8084244753e-001
5.51000 9.8094264941e-001
5.52000 9.8104334887e-001
5.53000 9.8114458057e-001
5.54000 9.8124637585e-001
5.55000 9.8134876273e-001
5.56000 9.8145176605e-001
5.57000 9.8155540749e-001
5.58000 9.8165970572e-001
5.59000 9.8176467640e-001
5.60000 9.8187033233e-001
5.61000 9.8197668350e-001
5.62000 9.8208373715e-001
5.63000 9.8219149789e-001
5.64000 9.8229996778e-001
5.65000 9.8240914637e-001
5.66000 9.8251903086e-001
5.67000 9.8262961609e-001
5.68000 9.8274089470e-001
5.69000 9.8285285718e-001
5.70000 9.8296549193e-001
5.71000 9.8307878541e-001
5.72000 9.8319272215e-001
5.73000 9.8330728487e-001
5.74000 9.8342245456e-001
5.75000 9.8353821054e-001
5.76000 9.8365453059e-001
5.77000 9.8377139096e-001
5.78000 9.8388876649e-001
5.79000 9.8400663070e-001
5.80000 9.8412495582e-001
5.81000 9.8424371294e-001
5.82000 9.8436287200e-001
5.83000 9.8448240192e-001
5.84000 9.8460227066e-001
5.85000 9.8472244531e-001
5.86000 9.8484289211e-001
5.87000 9.8496357659e-001
5.88000 9.8508446357e-001
5.89000 9.8520551728e-001
5.90000 9.8532670142e-001
5.91000 9.8544797917e-001
5.92000 9.8556931334e-001
5.93000 9.8569066638e-001
5.94000 9.8581200044e-001
5.95000 9.8593327745e-001
5.96000 9.8605445917e-001
5.97000 9.8617550724e-001
5.98000 9.8629638326e-001
5.99000 9.8641704880e-001
6.00000 9.8653746550e-001
6.01000 9.8665759511e-001
6.02000 9.8677739951e-001
6.03000 9.8689684080e-001
6.04000 9.8701588131e-001
6.05000 9.8713448367e-001
6.06000 9.8725261085e-001
6.07000 9.8737022620e-001
6.08000 9.8748729347e-001
6.09000 9.8760377689e-001
6.10000 9.8771964118e-001
6.11000 9.8783485160e-001
6.12000 9.8794937396e-001
6.13000 9.8806317468e-001
6.14000 9.8817622083e-001
6.15000 9.8828848012e-001
6.16000 9.8839992096e-001
6.17000 9.8851051247e-001
6.18000 9.8862022453e-001
6.19000 9.8872902779e-001
6.20000 9.8883689367e-001
6.21000 9.8894379443e-001
6.22000 9.8904970314e-001
6.23000 9.8915459376e-001
6.24000 9.8925844106e-001
6.25000 9.8936122076e-001
6.26000 9.8946290944e-001
6.27000 9.8956348460e-001
6.28000 9.8966292466e-001
6.29000 9.8976120901e-001
6.30000 9.8985831795e-001
6.31000 9.8995423273e-001
6.32000 9.9004893560e-001
6.33000 9.9014240973e-001
6.34000 9.9023463929e-001
6.35000 9.9032560942e-001
6.36000 9.9041530623e-001
6.37000 9.9050371681e-001
6.38000 9.9059082923e-001
6.39000 9.9067663252e-001
6.40000 9.9076111672e-001
6.41000 9.9084427281e-001
6.42000 9.9092609274e-001
6.43000 9.9100656945e-001
6.44000 9.9108569680e-001
6.45000 9.9116346963e-001
6.46000 9.9123988371e-001
6.47000 9.9131493574e-001
6.48000 9.9138862335e-001
6.49000 9.9146094509e-001
6.50000 9.9153190041e-001
6.51000 9.9160148965e-001
6.52000 9.9166971403e-001
6.53000 9.9173657565e-001
6.54000 9.9180207745e-001
6.55000 9.9186622323e-001
6.56000 9.9192901758e-001
6.57000 9.9199046594e-001
6.58000 9.9205057453e-001
6.59000 9.9210935034e-001
6.60000 9.9216680113e-001
6.61000 9.9222293541e-001
6.62000 9.9227776241e-001
6.63000 9.9233129208e-001
6.64000 9.9238353505e-001
6.65000 9.9243450263e-001
6.66000 9.9248420678e-001
6.67000 9.9253266010e-001
6.68000 9.9257987580e-001
6.69000 9.9262586770e-001
6.70000 9.9267065018e-001
6.71000 9.9271423819e-001
6.72000 9.9275664719e-001
6.73000 9.9279789320e-001
6.74000 9.9283799270e-001
6.75000 9.9287696265e-001
6.76000 9.9291482049e-001
6.77000 9.9295158405e-001
6.78000 9.9298727162e-001
6.79000 9.9302190185e-001
6.80000 9.9305549377e-001
6.81000 9.9308806678e-001
6.82000 9.9311964059e-001
6.83000 9.9315023522e-001
6.84000 9.9317987099e-001
6.85000 9.9320856849e-001
6.86000 9.9323634856e-001
6.87000 9.9326323226e-001
6.88000 9.9328924086e-001
6.89000 9.9331439585e-001
6.90000 9.9333871885e-001
6.91000 9.9336223165e-001
6.92000 9.9338495618e-001
6.93000 9.9340691448e-001
6.94000 9.9342812867e-001
6.95000 9.9344862096e-001
6.96000 9.9346841363e-001
6.97000 9.9348752897e-001
6.98000 9.9350598933e-001
6.99000 9.9352381703e-001
7.00000 9.9354103441e-001
7.01000 9.9355766376e-001
7.02000 9.9357372734e-001
7.03000 9.9358924734e-001
7.04000 9.9360424589e-001
7.05000 9.9361874502e-001
7.06000 9.9363276664e-001
7.07000 9.9364633257e-001
7.08000 9.9365946447e-001
7.09000 9.9367218386e-001
7.10000 9.9368451210e-001
7.11000 9.9369647038e-001
7.12000 9.9370807968e-001
7.13000 9.9371936081e-001
7.14000 9.9373033435e-001
7.15000 9.9374102066e-001
7.16000 9.9375143985e-001
7.17000 9.9376161181e-001
7.18000 9.9377155617e-001
7.19000 9.9378129226e-001
7.20000 9.9379083917e-001
7.21000 9.9380021570e-001
7.22000 9.9380944033e-001
7.23000 9.9381853126e-001
7.24000 9.9382750638e-001
7.25000 9.9383638324e-001
7.26000 9.9384517909e-001
7.27000 9.9385391083e-001
7.28000 9.9386259501e-001
7.29000 9.9387124786e-001
7.30000 9.9387988523e-001
7.31000 9.9388852264e-001
7.32000 9.9389717523e-001
7.33000 9.9390585776e-001
7.34000 9.9391458465e-001
7.35000 9.9392336992e-001
7.36000 9.9393222721e-001
7.37000 9.9394116979e-001
7.38000 9.9395021054e-001
7.39000 9.9395936194e-001
7.40000 9.9396863609e-001
7.41000 9.9397804469e-001
7.42000 9.9398759905e-001
7.43000 9.9399731007e-001
7.44000 9.9400718829e-001
7.45000 9.9401724380e-001
7.46000 9.9402748633e-001
7.47000 9.9403792520e-001
7.48000 9.9404856933e-001
7.49000 9.9405942723e-001
7.50000 9.9407050704e-001
7.51000 9.9408181649e-001
7.52000 9.9409336290e-001
7.53000 9.9410515321e-001
7.54000 9.9411719399e-001
7.55000 9.9412949138e-001
7.56000 9.9414205116e-001
7.57000 9.9415487872e-001
7.58000 9.9416797906e-001
7.59000 9.9418135682e-001
7.60000 9.9419501623e-001
7.61000 9.9420896118e-001
7.62000 9.9422319519e-001
7.63000 9.9423772140e-001
7.64000 9.9425254258e-001
7.65000 9.9426766118e-001
7.66000 9.9428307927e-001
7.67000 9.9429879858e-001
7.68000 9.9431482050e-001
7.69000 9.9433114607e-001
7.70000 9.9434777601e-001
7.71000 9.9436471072e-001
7.72000 9.9438195025e-001
7.73000 9.9439949436e-001
7.74000 9.9441734248e-001
7.75000 9.9443549375e-001
7.76000 9.9445394701e-001
7.77000 9.9447270079e-001
7.78000 9.9449175335e-001
7.79000 9.9451110265e-001
7.80000 9.9453074640e-001
7.81000 9.9455068202e-001
7.82000 9.9457090668e-001
7.83000 9.9459141729e-001
7.84000 9.9461221050e-001
7.85000 9.9463328274e-001
7.86000 9.9465463018e-001
7.87000 9.9467624878e-001
7.88000 9.9469813427e-001
7.89000 9.9472028215e-001
7.90000 9.9474268775e-001
7.91000 9.9476534615e-001
7.92000 9.9478825227e-001
7.93000 9.9481140083e-001
7.94000 9.9483478636e-001
7.95000 9.9485840323e-001
7.96000 9.9488224563e-001
7.97000 9.9490630761e-001
7.98000 9.9493058304e-001
7.99000 9.9495506566e-001
8.00000 9.9497974907e-001
8.01000 9.9500462673e-001
8.02000 9.9502969198e-001
8.03000 9.9505493804e-001
8.04000 9.9508035801e-001
8.05000 9.9510594490e-001
8.06000 9.9513169161e-001
8.07000 9.9515759095e-001
8.08000 9.9518363564e-001
8.09000 9.9520981833e-001
8.10000 9.9523613160e-001
8.11000 9.9526256796e-001
8.12000 9.9528911985e-001
8.13000 9.9531577967e-001
8.14000 9.9534253977e-001
8.15000 9.9536939247e-001
8.16000 9.9539633003e-001
8.17000 9.9542334471e-001
8.18000 9.9545042873e-001
8.19000 9.9547757430e-001
8.20000 9.9550477362e-001
8.21000 9.9553201888e-001
8.22000 9.9555930229e-001
8.23000 9.9558661604e-001
8.24000 9.9561395234e-001
8.25000 9.9564130344e-001
8.26000 9.9566866159e-001
8.27000 9.9569601906e-001
8.28000 9.9572336819e-001
8.29000 9.9575070132e-001
8.30000 9.9577801085e-001
8.31000 9.9580528923e-001
8.32000 9.9583252896e-001
8.33000 9.9585972259e-001
8.34000 9.9588686274e-001
8.35000 9.9591394211e-001
8.36000 9.9594095343e-001
8.37000 9.9596788955e-001
8.38000 9.9599474336e-001
8.39000 9.9602150787e-001
8.40000 9.9604817614e-001
8.41000 9.9607474135e-001
8.42000 9.9610119674e-001
8.43000 9.9612753569e-001
8.44000 9.9615375165e-001
8.45000 9.9617983817e-001
8.46000 9.9620578894e-001
8.47000 9.9623159771e-001
8.48000 9.9625725840e-001
8.49000 9.9628276499e-001
8.50000 9.9630811162e-001
8.51000 9.9633329253e-001
8.52000 9.9635830209e-001
8.53000 9.9638313479e-001
8.54000 9.9640778524e-001
8.55000 9.9643224821e-001
8.56000 9.9645651857e-001
8.57000 9.9648059133e-001
8.58000 9.9650446165e-001
8.59000 9.9652812482e-001
8.60000 9.9655157626e-001
8.61000 9.9657481152e-001
8.62000 9.9659782633e-001
8.63000 9.9662061653e-001
8.64000 9.9664317810e-001
8.65000 9.9666550719e-001
8.66000 9.9668760008e-001
8.67000 9.9670945319e-001
8.68000 9.9673106310e-001
8.69000 9.9675242652e-001
8.70000 9.9677354033e-001
8.71000 9.9679440154e-001
8.72000 9.9681500731e-001
8.73000 9.9683535496e-001
8.74000 9.9685544195e-001
8.75000 9.9687526588e-001
8.76000 9.9689482452e-001
8.77000 9.9691411577e-001
8.78000 9.9693313768e-001
8.79000 9.9695188845e-001
8.80000 9.9697036644e-001
8.81000 9.9698857013e-001
8.82000 9.9700649816e-001
8.83000 9.9702414933e-001
8.84000 9.9704152255e-001
8.85000 9.9705861690e-001
8.86000 9.9707543159e-001
8.87000 9.9709196598e-001
8.88000 9.9710821957e-001
8.89000 9.9712419198e-001
8.90000 9.9713988300e-001
8.91000 9.9715529252e-001
8.92000 9.9717042059e-001
8.93000 9.9718526740e-001
8.94000 9.9719983324e-001
8.95000 9.9721411856e-001
8.96000 9.9722812393e-001
8.97000 9.9724185003e-001
8.98000 9.9725529771e-001
8.99000 9.9726846789e-001
9.00000 9.9728136164e-001
9.01000 9.9729398016e-001
9.02000 9.9730632474e-001
9.03000 9.9731839681e-001
9.04000 9.9733019790e-001
9.05000 9.9734172965e-001
9.06000 9.9735299384e-001
9.07000 9.9736399230e-001
9.08000 9.9737472702e-001
9.09000 9.9738520007e-001
9.10000 9.9739541363e-001
9.11000 9.9740536995e-001
9.12000 9.9741507143e-001
9.13000 9.9742452050e-001
9.14000 9.9743371974e-001
9.15000 9.9744267178e-001
9.16000 9.9745137936e-001
9.17000 9.9745984528e-001
9.18000 9.9746807246e-001
9.19000 9.9747606385e-001
9.20000 9.9748382253e-001
9.21000 9.9749135162e-001
9.22000 9.9749865431e-001
9.23000 9.9750573389e-001
9.24000 9.9751259368e-001
9.25000 9.9751923709e-001
9.26000 9.9752566759e-001
9.27000 9.9753188869e-001
9.28000 9.9753790399e-001
9.29000 9.9754371711e-001
9.30000 9.9754933174e-001
9.31000 9.9755475162e-001
9.32000 9.9755998054e-001
9.33000 9.9756502232e-001
9.34000 9.9756988084e-001
9.35000 9.9757456000e-001
9.36000 9.9757906375e-001
9.37000 9.9758339606e-001
9.38000 9.9758756097e-001
9.39000 9.9759156249e-001
9.40000 9.9759540472e-001
9.41000 9.9759909173e-001
9.42000 9.9760262765e-001
9.43000 9.9760601661e-001
9.44000 9.9760926277e-001
9.45000 9.9761237029e-001
9.46000 9.9761534336e-001
9.47000 9.9761818617e-001
9.48000 9.9762090291e-001
9.49000 9.9762349779e-001
9.50000 9.9762597503e-001
9.51000 9.9762833883e-001
9.52000 9.9763059340e-001
9.53000 9.9763274295e-001
9.54000 9.9763479168e-001
9.55000 9.9763674378e-001
9.56000 9.9763860345e-001
9.57000 9.9764037485e-001
9.58000 9.9764206215e-001
9.59000 9.9764366948e-001
9.60000 9.9764520099e-001
9.61000 9.9764666077e-001
9.62000 9.9764805292e-001
9.63000 9.9764938150e-001
9.64000 9.9765065054e-001
9.65000 9.9765186408e-001
9.66000 9.9765302608e-001
9.67000 9.9765414051e-001
9.68000 9.9765521128e-001
9.69000 9.9765624229e-001
9.70000 9.9765723740e-001
9.71000 9.9765820043e-001
9.72000 9.9765913514e-001
9.73000 9.9766004530e-001
9.74000 9.9766093459e-001
9.75000 9.9766180669e-001
9.76000 9.9766266519e-001
9.77000 9.9766351368e-001
9.78000 9.9766435567e-001
9.79000 9.9766519465e-001
9.80000 9.9766603404e-001
9.81000 9.9766687723e-001
9.82000 9.9766772752e-001
9.83000 9.9766858821e-001
9.84000 9.9766946252e-001
9.85000 9.9767035361e-001
9.86000 9.9767126459e-001
9.87000 9.9767219853e-001
9.88000 9.9767315841e-001
9.89000 9.9767414720e-001
9.90000 9.9767516775e-001
9.91000 9.9767622292e-001
9.92000 9.9767731544e-001
9.93000 9.9767844804e-001
9.94000 9.9767962335e-001
9.95000 9.9768084396e-001
9.96000 9.9768211237e-001
9.97000 9.9768343105e-001
9.98000 9.9768480239e-001
9.99000 9.9768622871e-001
10.00000 9.9768771227e-001
10.01000 9.9768925528e-001
10.02000 9.9769085986e-001
10.03000 9.9769252808e-001
10.04000 9.9769426195e-001
10.05000 9.9769606339e-001
10.06000 9.9769793428e-001
10.07000 9.9769987642e-001
10.08000 9.9770189155e-001
10.09000 9.9770398133e-001
10.10000 9.9770614737e-001
10.11000 9.9770839120e-001
10.12000 9.9771071429e-001
10.13000 9.9771311805e-001
10.14000 9.9771560381e-001
10.15000 9.9771817284e-001
10.16000 9.9772082634e-001
10.17000 9.9772356546e-001
10.18000 9.9772639125e-001
10.19000 9.9772930473e-001
10.20000 9.9773230684e-001
10.21000 9.9773539844e-001
10.22000 9.9773858036e-001
10.23000 9.9774185333e-001
10.24000 9.9774521803e-001
10.25000 9.9774867509e-001
10.26000 9.9775222504e-001
10.27000 9.9775586840e-001
10.28000 9.9775960558e-001
10.29000 9.9776343695e-001
10.30000 9.9776736281e-001
10.31000 9.9777138340e-001
10.32000 9.9777549892e-001
10.33000 9.9777970949e-001
10.34000 9.9778401516e-001
10.35000 9.9778841594e-001
10.36000 9.9779291179e-001
10.37000 9.9779750259e-001
10.38000 9.9780218817e-001
10.39000 9.9780696833e-001
10.40000 9.9781184277e-001
10.41000 9.9781681116e-001
10.42000 9.9782187314e-001
10.43000 9.9782702824e-001
10.44000 9.9783227600e-001
10.45000 9.9783761586e-001
10.46000 9.9784304724e-001
10.47000 9.9784856950e-001
10.48000 9.9785418194e-001
10.49000 9.9785988384e-001
10.50000 9.9786567440e-001
10.51000 9.9787155281e-001
10.52000 9.9787751818e-001
10.53000 9.9788356960e-001
10.54000 9.9788970610e-001
10.55000 9.9789592669e-001
10.56000 9.9790223031e-001
10.57000 9.9790861588e-001
10.58000 9.9791508229e-001
10.59000 9.9792162835e-001
10.60000 9.9792825289e-001
10.61000 9.9793495465e-001
10.62000 9.9794173236e-001
10.63000 9.9794858472e-001
10.64000 9.9795551039e-001
10.65000 9.9796250800e-001
10.66000 9.9796957613e-001
10.67000 9.9797671336e-001
10.68000 9.9798391823e-001
10.69000 9.9799118923e-001
10.70000 9.9799852486e-001
10.71000 9.9800592355e-001
10.72000 9.9801338376e-001
10.73000 9.9802090387e-001
10.74000 9.9802848226e-001
10.75000 9.9803611731e-001
10.76000 9.9804380734e-001
10.77000 9.9805155067e-001
10.78000 9.9805934561e-001
10.79000 9.9806719042e-001
10.80000 9.9807508338e-001
10.81000 9.9808302273e-001
10.82000 9.9809100670e-001
10.83000 9.9809903351e-001
10.84000 9.9810710137e-001
10.85000 9.9811520846e-001
10.86000 9.9812335297e-001
10.87000 9.9813153306e-001
10.88000 9.9813974691e-001
10.89000 9.9814799266e-001
10.90000 9.9815626846e-001
10.91000 9.9816457244e-001
10.92000 9.9817290276e-001
10.93000 9.9818125752e-001
10.94000 9.9818963486e-001
10.95000 9.9819803291e-001
10.96000 9.9820644979e-001
10.97000 9.9821488361e-001
10.98000 9.9822333249e-001
10.99000 9.9823179458e-001
11.00000 9.9824026797e-001
11.01000 9.9824875081e-001
11.02000 9.9825724122e-001
11.03000 9.9826573735e-001
11.04000 9.9827423732e-001
11.05000 9.9828273928e-001
11.06000 9.9829124140e-001
11.07000 9.9829974183e-001
11.08000 9.9830823873e-001
11.09000 9.9831673030e-001
11.10000 9.9832521472e-001
11.11000 9.9833369018e-001
11.12000 9.9834215490e-001
11.13000 9.9835060711e-001
11.14000 9.9835904504e-001
11.15000 9.9836746693e-001
11.16000 9.9837587106e-001
11.17000 9.9838425571e-001
11.18000 9.9839261916e-001
11.19000 9.9840095974e-001
11.20000 9.9840927576e-001
11.21000 9.9841756558e-001
11.22000 9.9842582755e-001
11.23000 9.9843406007e-001
11.24000 9.9844226153e-001
11.25000 9.9845043035e-001
11.26000 9.9845856499e-001
11.27000 9.9846666389e-001
11.28000 9.9847472555e-001
11.29000 9.9848274847e-001
11.30000 9.9849073119e-001
11.31000 9.9849867224e-001
11.32000 9.9850657021e-001
11.33000 9.9851442371e-001
11.34000 9.9852223133e-001
11.35000 9.9852999175e-001
11.36000 9.9853770363e-001
11.37000 9.9854536566e-001
11.38000 9.9855297659e-001
11.39000 9.9856053513e-001
11.40000 9.9856804009e-001
11.41000 9.9857549026e-001
11.42000 9.9858288448e-001
11.43000 9.9859022159e-001
11.44000 9.9859750048e-001
11.45000 9.9860472007e-001
11.46000 9.9861187930e-001
11.47000 9.9861897714e-001
11.48000 9.9862601258e-001
11.49000 9.9863298465e-001
11.50000 9.9863989241e-001
11.51000 9.9864673494e-001
11.52000 9.9865351135e-001
11.53000 9.9866022080e-001
11.54000 9.9866686244e-001
11.55000 9.9867343549e-001
11.56000 9.9867993918e-001
11.57000 9.9868637276e-001
11.58000 9.9869273553e-001
11.59000 9.9869902681e-001
11.60000 9.9870524596e-001
11.61000 9.9871139235e-001
11.62000 9.9871746540e-001
11.63000 9.9872346455e-001
11.64000 9.9872938927e-001
11.65000 9.9873523906e-001
11.66000 9.9874101346e-001
11.67000 9.9874671203e-001
11.68000 9.9875233435e-001
11.69000 9.9875788006e-001
11.70000 9.9876334880e-001
11.71000 9.9876874026e-001
11.72000 9.9877405414e-001
11.73000 9.9877929019e-001
11.74000 9.9878444817e-001
11.75000 9.9878952789e-001
11.76000 9.9879452917e-001
11.77000 9.9879945187e-001
11.78000 9.9880429588e-001
11.79000 9.9880906110e-001
11.80000 9.9881374749e-001
11.81000 9.9881835500e-001
11.82000 9.9882288365e-001
11.83000 9.9882733345e-001
11.84000 9.9883170446e-001
11.85000 9.9883599676e-001
11.86000 9.9884021046e-001
11.87000 9.9884434569e-001
11.88000 9.9884840261e-001
11.89000 9.9885238142e-001
11.90000 9.9885628232e-001
11.91000 9.9886010555e-001
11.92000 9.9886385138e-001
11.93000 9.9886752010e-001
11.94000 9.9887111201e-001
11.95000 9.9887462747e-001
11.96000 9.9887806682e-001
11.97000 9.9888143046e-001
11.98000 9.9888471879e-001
11.99000 9.9888793225e-001
12.00000 9.9889107129e-001
12.01000 9.9889413640e-001
12.02000 9.9889712806e-001
12.03000 9.9890004680e-001
12.04000 9.9890289317e-001
12.05000 9.9890566771e-001
12.06000 9.9890837103e-001
12.07000 9.9891100372e-001
12.08000 9.9891356640e-001
12.09000 9.9891605972e-001
12.10000 9.9891848434e-001
12.11000 9.9892084094e-001
12.12000 9.9892313021e-001
12.13000 9.9892535287e-001
12.14000 9.9892750966e-001
12.15000 9.9892960131e-001
12.16000 9.9893162861e-001
12.17000 9.9893359233e-001
12.18000 9.9893549326e-001
12.19000 9.9893733222e-001
12.20000 9.9893911004e-001
12.21000 9.9894082755e-001
12.22000 9.9894248561e-001
12.23000 9.9894408509e-001
12.24000 9.9894562688e-001
12.25000 9.9894711185e-001
12.26000 9.9894854093e-001
12.27000 9.9894991502e-001
12.28000 9.9895123506e-001
12.29000 9.9895250198e-001
12.30000 9.9895371673e-001
12.31000 9.9895488028e-001
12.32000 9.9895599358e-001
12.33000 9.9895705762e-001
12.34000 9.9895807338e-001
12.35000 9.9895904186e-001
12.36000 9.9895996405e-001
12.37000 9.9896084097e-001
12.38000 9.9896167363e-001
12.39000 9.9896246306e-001
12.40000 9.9896321027e-001
12.41000 9.9896391630e-001
12.42000 9.9896458220e-001
12.43000 9.9896520899e-001
12.44000 9.9896579774e-001
12.45000 9.9896634948e-001
12.46000 9.9896686527e-001
12.47000 9.9896734618e-001
12.48000 9.9896779325e-001
12.49000 9.9896820754e-001
12.50000 9.9896859013e-001
12.51000 9.9896894206e-001
12.52000 9.9896926442e-001
12.53000 9.9896955826e-001
12.54000 9.9896982464e-001
12.55000 9.9897006463e-001
12.56000 9.9897027930e-001
12.57000 9.9897046971e-001
12.58000 9.9897063691e-001
12.59000 9.9897078197e-001
12.60000 9.9897090594e-001
12.61000 9.9897100988e-001
12.62000 9.9897109483e-001
12.63000 9.9897116185e-001
12.64000 9.9897121198e-001
12.65000 9.9897124625e-001
12.66000 9.9897126571e-001
12.67000 9.9897127138e-001
12.68000 9.9897126429e-001
12.69000 9.9897124545e-001
12.70000 9.9897121589e-001
12.71000 9.9897117660e-001
12.72000 9.9897112860e-001
12.73000 9.9897107287e-001
12.74000 9.9897101040e-001
12.75000 9.9897094217e-001
12.76000 9.9897086915e-001
12.77000 9.9897079231e-001
12.78000 9.9897071261e-001
12.79000 9.9897063099e-001
12.80000 9.9897054838e-001
12.81000 9.9897046573e-001
12.82000 9.9897038395e-001
12.83000 9.9897030394e-001
12.84000 9.9897022662e-001
12.85000 9.9897015287e-001
12.86000 9.9897008357e-001
12.87000 9.9897001959e-001
12.88000 9.9896996180e-001
12.89000 9.9896991103e-001
12.90000 9.9896986812e-001
12.91000 9.9896983391e-001
12.92000 9.9896980920e-001
12.93000 9.9896979480e-001
12.94000 9.9896979149e-001
12.95000 9.9896980005e-001
12.96000 9.9896982125e-001
12.97000 9.9896985585e-001
12.98000 9.9896990457e-001
12.99000 9.9896996815e-001
13.00000 9.9897004730e-001
13.01000 9.9897014272e-001
13.02000 9.9897025510e-001
13.03000 9.9897038511e-001
13.04000 9.9897053341e-001
13.05000 9.9897070065e-001
13.06000 9.9897088746e-001
13.07000 9.9897109446e-001
13.08000 9.9897132225e-001
13.09000 9.9897157143e-001
13.10000 9.9897184257e-001
13.11000 9.9897213623e-001
13.12000 9.9897245295e-001
13.13000 9.9897279328e-001
13.14000 9.9897315772e-001
13.15000 9.9897354679e-001
13.16000 9.9897396097e-001
13.17000 9.9897440073e-001
13.18000 9.9897486653e-001
13.19000 9.9897535883e-001
13.20000 9.9897587803e-001
13.21000 9.9897642457e-001
13.22000 9.9897699884e-001
13.23000 9.9897760122e-001
13.24000 9.9897823209e-001
13.25000 9.9897889179e-001
13.26000 9.9897958067e-001
13.27000 9.9898029905e-001
13.28000 9.9898104724e-001
13.29000 9.9898182554e-001
13.30000 9.9898263422e-001
13.31000 9.9898347355e-001
13.32000 9.9898434378e-001
13.33000 9.9898524514e-001
13.34000 9.9898617786e-001
13.35000 9.9898714213e-001
13.36000 9.9898813815e-001
13.37000 9.9898916609e-001
13.38000 9.9899022612e-001
13.39000 9.9899131838e-001
13.40000 9.9899244300e-001
13.41000 9.9899360011e-001
13.42000 9.9899478979e-001
13.43000 9.9899601215e-001
13.44000 9.9899726725e-001
13.45000 9.9899855516e-001
13.46000 9.9899987593e-001
13.47000 9.9900122958e-001
13.48000 9.9900261613e-001
13.49000 9.9900403559e-001
13.50000 9.9900548796e-001
13.51000 9.9900697321e-001
13.52000 9.9900849130e-001
13.53000 9.9901004218e-001
13.54000 9.9901162580e-001
13.55000 9.9901324208e-001
13.56000 9.9901489092e-001
13.57000 9.9901657224e-001
13.58000 9.9901828591e-001
13.59000 9.9902003182e-001
13.60000 9.9902180982e-001
13.61000 9.9902361976e-001
13.62000 9.9902546149e-001
13.63000 9.9902733483e-001
13.64000 9.9902923958e-001
13.65000 9.9903117556e-001
13.66000 9.9903314256e-001
13.67000 9.9903514036e-001
13.68000 9.9903716873e-001
13.69000 9.9903922742e-001
13.70000 9.9904131618e-001
13.71000 9.9904343475e-001
13.72000 9.9904558286e-001
13.73000 9.9904776022e-001
13.74000 9.9904996654e-001
13.75000 9.9905220151e-001
13.76000 9.9905446483e-001
13.77000 9.9905675617e-001
13.78000 9.9905907520e-001
13.79000 9.9906142157e-001
13.80000 9.9906379494e-001
13.81000 9.9906619495e-001
13.82000 9.9906862124e-001
13.83000 9.9907107342e-001
13.84000 9.9907355111e-001
13.85000 9.9907605393e-001
13.86000 9.9907858147e-001
13.87000 9.9908113332e-001
13.88000 9.9908370908e-001
13.89000 9.9908630832e-001
13.90000 9.9908893062e-001
13.91000 9.9909157553e-001
13.92000 9.9909424261e-001
13.93000 9.9909693143e-001
13.94000 9.9909964152e-001
13.95000 9.9910237242e-001
13.96000 9.9910512368e-001
13.97000 9.9910789481e-001
13.98000 9.9911068535e-001
13.99000 9.9911349481e-001
14.00000 9.9911632270e-001
14.01000 9.9911916853e-001
14.02000 9.9912203182e-001
14.03000 9.9912491205e-001
14.04000 9.9912780872e-001
14.05000 9.9913072133e-001
14.06000 9.9913364936e-001
14.07000 9.9913659230e-001
14.08000 9.9913954964e-001
14.09000 9.9914252084e-001
14.10000 9.9914550539e-001
14.11000 9.9914850275e-001
14.12000 9.9915151241e-001
14.13000 9.9915453382e-001
14.14000 9.9915756646e-001
14.15000 9.9916060978e-001
14.16000 9.9916366325e-001
14.17000 9.9916672633e-001
14.18000 9.9916979849e-001
14.19000 9.9917287917e-001
14.20000 9.9917596784e-001
14.21000 9.9917906396e-001
14.22000 9.9918216698e-001
14.23000 9.9918527635e-001
14.24000 9.9918839154e-001
14.25000 9.9919151200e-001
14.26000 9.9919463718e-001
14.27000 9.9919776655e-001
14.28000 9.9920089956e-001
14.29000 9.9920403566e-001
14.30000 9.9920717432e-001
14.31000 9.9921031500e-001
14.32000 9.9921345716e-001
14.33000 9.9921660026e-001
14.34000 9.9921974376e-001
14.35000 9.9922288714e-001
14.36000 9.9922602985e-001
14.37000 9.9922917138e-001
14.38000 9.9923231119e-001
14.39000 9.9923544875e-001
14.40000 9.9923858355e-001
14.41000 9.9924171507e-001
14.42000 9.9924484279e-001
14.43000 9.9924796619e-001
14.44000 9.9925108477e-001
14.45000 9.9925419801e-001
14.46000 9.9925730542e-001
14.47000 9.9926040650e-001
14.48000 9.9926350074e-001
14.49000 9.9926658766e-001
14.50000 9.9926966676e-001
14.51000 9.9927273758e-001
14.52000 9.9927579961e-001
14.53000 9.9927885240e-001
14.54000 9.9928189546e-001
14.55000 9.9928492834e-001
14.56000 9.9928795057e-001
14.57000 9.9929096170e-001
14.58000 9.9929396127e-001
14.59000 9.9929694884e-001
14.60000 9.9929992397e-001
14.61000 9.9930288622e-001
14.62000 9.9930583517e-001
14.63000 9.9930877039e-001
14.64000 9.9931169146e-001
14.65000 9.9931459797e-001
14.66000 9.9931748952e-001
14.67000 9.9932036570e-001
14.68000 9.9932322611e-001
14.69000 9.9932607038e-001
14.70000 9.9932889811e-001
14.71000 9.9933170894e-001
14.72000 9.9933450248e-001
14.73000 9.9933727839e-001
14.74000 9.9934003631e-001
14.75000 9.9934277588e-001
14.76000 9.9934549676e-001
14.77000 9.9934819861e-001
14.78000 9.9935088112e-001
14.79000 9.9935354395e-001
14.80000 9.9935618678e-001
14.81000 9.9935880932e-001
14.82000 9.9936141126e-001
14.83000 9.9936399231e-001
14.84000 9.9936655217e-001
14.85000 9.9936909058e-001
14.86000 9.9937160725e-001
14.87000 9.9937410193e-001
14.88000 9.9937657435e-001
14.89000 9.9937902426e-001
14.90000 9.9938145143e-001
14.91000 9.9938385561e-001
14.92000 9.9938623659e-001
14.93000 9.9938859412e-001
14.94000 9.9939092802e-001
14.95000 9.9939323806e-001
14.96000 9.9939552406e-001
14.97000 9.9939778582e-001
14.98000 9.9940002315e-001
14.99000 9.9940223589e-001
15.00000 9.9940442387e-001
15.01000 9.9940658692e-001
15.02000 9.9940872489e-001
15.03000 9.9941083765e-001
15.04000 9.9941292504e-001
15.05000 9.9941498695e-001
15.06000 9.9941702326e-001
15.07000 9.9941903383e-001
15.08000 9.9942101858e-001
15.09000 9.9942297739e-001
15.10000 9.9942491019e-001
15.11000 9.9942681688e-001
15.12000 9.9942869739e-001
15.13000 9.9943055164e-001
15.14000 9.9943237959e-001
15.15000 9.9943418117e-001
15.16000 9.9943595633e-001
15.17000 9.9943770504e-001
15.18000 9.9943942726e-001
15.19000 9.9944112297e-001
15.20000 9.9944279216e-001
15.21000 9.9944443481e-001
15.22000 9.9944605091e-001
15.23000 9.9944764048e-001
15.24000 9.9944920352e-001
15.25000 9.9945074005e-001
15.26000 9.9945225010e-001
15.27000 9.9945373370e-001
15.28000 9.9945519088e-001
15.29000 9.9945662170e-001
15.30000 9.9945802621e-001
15.31000 9.9945940445e-001
15.32000 9.9946075651e-001
15.33000 9.9946208246e-001
15.34000 9.9946338236e-001
15.35000 9.9946465632e-001
15.36000 9.9946590442e-001
15.37000 9.9946712675e-001
15.38000 9.9946832343e-001
15.39000 9.9946949456e-001
15.40000 9.9947064026e-001
15.41000 9.9947176066e-001
15.42000 9.9947285588e-001
15.43000 9.9947392606e-001
15.44000 9.9947497134e-001
15.45000 9.9947599186e-001
15.46000 9.9947698779e-001
15.47000 9.9947795927e-001
15.48000 9.9947890647e-001
15.49000 9.9947982956e-001
15.50000 9.9948072871e-001
15.51000 9.9948160411e-001
15.52000 9.9948245593e-001
15.53000 9.9948328437e-001
15.54000 9.9948408963e-001
15.55000 9.9948487189e-001
15.56000 9.9948563138e-001
15.57000 9.9948636829e-001
15.58000 9.9948708284e-001
15.59000 9.9948777525e-001
15.60000 9.9948844575e-001
15.61000 9.9948909456e-001
15.62000 9.9948972191e-001
15.63000 9.9949032804e-001
15.64000 9.9949091318e-001
15.65000 9.9949147760e-001
15.66000 9.9949202152e-001
15.67000 9.9949254521e-001
15.68000 9.9949304892e-001
15.69000 9.9949353291e-001
15.70000 9.9949399744e-001
15.71000 9.9949444278e-001
15.72000 9.9949486920e-001
15.73000 9.9949527697e-001
15.74000 9.9949566637e-001
15.75000 9.9949603768e-001
15.76000 9.9949639118e-001
15.77000 9.9949672715e-001
15.78000 9.9949704588e-001
15.79000 9.9949734767e-001
15.80000 9.9949763281e-001
15.81000 9.9949790159e-001
15.82000 9.9949815431e-001
15.83000 9.9949839127e-001
15.84000 9.9949861277e-001
15.85000 9.9949881912e-001
15.86000 9.9949901062e-001
15.87000 9.9949918759e-001
15.88000 9.9949935033e-001
15.89000 9.9949949915e-001
15.90000 9.9949963436e-001
15.91000 9.9949975630e-001
15.92000 9.9949986525e-001
15.93000 9.9949996156e-001
15.94000 9.9950004552e-001
15.95000 9.9950011747e-001
15.96000 9.9950017773e-001
15.97000 9.9950022661e-001
15.98000 9.9950026444e-001
15.99000 9.9950029154e-001
16.00000 9.9950030823e-001
16.01000 9.9950031485e-001
16.02000 9.9950031171e-001
16.03000 9.9950029913e-001
16.04000 9.9950027746e-001
16.05000 9.9950024700e-001
16.06000 9.9950020808e-001
16.07000 9.9950016103e-001
16.08000 9.9950010618e-001
16.09000 9.9950004385e-001
16.10000 9.9949997436e-001
16.11000 9.9949989804e-001
16.12000 9.9949981521e-001
16.13000 9.9949972620e-001
16.14000 9.9949963133e-001
16.15000 9.9949953091e-001
16.16000 9.9949942528e-001
16.17000 9.9949931474e-001
16.18000 9.9949919963e-001
16.19000 9.9949908025e-001
16.20000 9.9949895693e-001
16.21000 9.9949882997e-001
16.22000 9.9949869970e-001
16.23000 9.9949856642e-001
16.24000 9.9949843045e-001
16.25000 9.9949829210e-001
16.26000 9.9949815167e-001
16.27000 9.9949800948e-001
16.28000 9.9949786582e-001
16.29000 9.9949772100e-001
16.30000 9.9949757532e-001
16.31000 9.9949742908e-001
16.32000 9.9949728257e-001
16.33000 9.9949713609e-001
16.34000 9.9949698993e-001
16.35000 9.9949684439e-001
16.36000 9.9949669974e-001
16.37000 9.9949655628e-001
16.38000 9.9949641429e-001
16.39000 9.9949627404e-001
16.40000 9.9949613583e-001
16.41000 9.9949599991e-001
16.42000 9.9949586657e-001
16.43000 9.9949573606e-001
16.44000 9.9949560867e-001
16.45000 9.9949548466e-001
16.46000 9.9949536427e-001
16.47000 9.9949524779e-001
16.48000 9.9949513544e-001
16.49000 9.9949502750e-001
16.50000 9.9949492421e-001
16.51000 9.9949482581e-001
16.52000 9.9949473255e-001
16.53000 9.9949464466e-001
16.54000 9.9949456238e-001
16.55000 9.9949448595e-001
16.56000 9.9949441559e-001
16.57000 9.9949435153e-001
16.58000 9.9949429399e-001
16.59000 9.9949424318e-001
16.60000 9.9949419934e-001
16.61000 9.9949416265e-001
16.62000 9.9949413334e-001
16.63000 9.9949411161e-001
16.64000 9.9949409765e-001
16.65000 9.9949409167e-001
16.66000 9.9949409385e-001
16.67000 9.9949410439e-001
16.68000 9.9949412346e-001
16.69000 9.9949415127e-001
16.70000 9.9949418797e-001
16.71000 9.9949423374e-001
16.72000 9.9949428876e-001
16.73000 9.9949435318e-001
16.74000 9.9949442718e-001
16.75000 9.9949451090e-001
16.76000 9.9949460451e-001
16.77000 9.9949470815e-001
16.78000 9.9949482197e-001
16.79000 9.9949494610e-001
16.80000 9.9949508070e-001
16.81000 9.9949522588e-001
16.82000 9.9949538179e-001
16.83000 9.9949554854e-001
16.84000 9.9949572626e-001
16.85000 9.9949591506e-001
16.86000 9.9949611506e-001
16.87000 9.9949632637e-001
16.88000 9.9949654908e-001
16.89000 9.9949678331e-001
16.90000 9.9949702915e-001
16.91000 9.9949728670e-001
16.92000 9.9949755603e-001
16.93000 9.9949783723e-001
16.94000 9.9949813039e-001
16.95000 9.9949843558e-001
16.96000 9.9949875288e-001
16.97000 9.9949908234e-001
16.98000 9.9949942404e-001
16.99000 9.9949977803e-001
17.00000 9.9950014437e-001
17.01000 9.9950052312e-001
17.02000 9.9950091431e-001
17.03000 9.9950131799e-001
17.04000 9.9950173421e-001
17.05000 9.9950216299e-001
17.06000 9.9950260437e-001
17.07000 9.9950305837e-001
17.08000 9.9950352503e-001
17.09000 9.9950400435e-001
17.10000 9.9950449636e-001
17.11000 9.9950500106e-001
17.12000 9.9950551847e-001
17.13000 9.9950604858e-001
17.14000 9.9950659141e-001
17.15000 9.9950714693e-001
17.16000 9.9950771516e-001
17.17000 9.9950829606e-001
17.18000 9.9950888964e-001
17.19000 9.9950949587e-001
17.20000 9.9951011473e-001
17.21000 9.9951074619e-001
17.22000 9.9951139022e-001
17.23000 9.9951204679e-001
17.24000 9.9951271587e-001
17.25000 9.9951339740e-001
17.26000 9.9951409136e-001
17.27000 9.9951479768e-001
17.28000 9.9951551632e-001
17.29000 9.9951624723e-001
17.30000 9.9951699035e-001
17.31000 9.9951774561e-001
17.32000 9.9951851296e-001
17.33000 9.9951929232e-001
17.34000 9.9952008362e-001
17.35000 9.9952088680e-001
17.36000 9.9952170176e-001
17.37000 9.9952252844e-001
17.38000 9.9952336674e-001
17.39000 9.9952421659e-001
17.40000 9.9952507790e-001
17.41000 9.9952595056e-001
17.42000 9.9952683449e-001
17.43000 9.9952772958e-001
17.44000 9.9952863575e-001
17.45000 9.9952955287e-001
17.46000 9.9953048085e-001
17.47000 9.9953141958e-001
17.48000 9.9953236895e-001
17.49000 9.9953332883e-001
17.50000 9.9953429912e-001
17.51000 9.9953527970e-001
17.52000 9.9953627044e-001
17.53000 9.9953727121e-001
17.54000 9.9953828190e-001
17.55000 9.9953930238e-001
17.56000 9.9954033250e-001
17.57000 9.9954137214e-001
17.58000 9.9954242117e-001
17.59000 9.9954347944e-001
17.60000 9.9954454682e-001
17.61000 9.9954562316e-001
17.62000 9.9954670831e-001
17.63000 9.9954780215e-001
17.64000 9.9954890451e-001
17.65000 9.9955001524e-001
17.66000 9.9955113420e-001
17.67000 9.9955226123e-001
17.68000 9.9955339618e-001
17.69000 9.9955453889e-001
17.70000 9.9955568920e-001
17.71000 9.9955684695e-001
17.72000 9.9955801199e-001
17.73000 9.9955918415e-001
17.74000 9.9956036326e-001
17.75000 9.9956154916e-001
17.76000 9.9956274169e-001
17.77000 9.9956394068e-001
17.78000 9.9956514595e-001
17.79000 9.9956635734e-001
17.80000 9.9956757468e-001
17.81000 9.9956879779e-001
17.82000 9.9957002651e-001
17.83000 9.9957126065e-001
17.84000 9.9957250004e-001
17.85000 9.9957374452e-001
17.86000 9.9957499389e-001
17.87000 9.9957624799e-001
17.88000 9.9957750663e-001
17.89000 9.9957876964e-001
17.90000 9.9958003683e-001
17.91000 9.9958130804e-001
17.92000 9.9958258307e-001
17.93000 9.9958386175e-001
17.94000 9.9958514390e-001
17.95000 9.9958642933e-001
17.96000 9.9958771787e-001
17.97000 9.9958900933e-001
17.98000 9.9959030352e-001
17.99000 9.9959160028e-001
18.00000 9.9959289941e-001
18.01000 9.9959420074e-001
18.02000 9.9959550407e-001
18.03000 9.9959680924e-001
18.04000 9.9959811605e-001
18.05000 9.9959942432e-001
18.06000 9.9960073388e-001
18.07000 9.9960204454e-001
18.08000 9.9960335612e-001
18.09000 9.9960466844e-001
18.10000 9.9960598131e-001
18.11000 9.9960729456e-001
18.12000 9.9960860802e-001
18.13000 9.9960992148e-001
18.14000 9.9961123480e-001
18.15000 9.9961254777e-001
18.16000 9.9961386022e-001
18.17000 9.9961517198e-001
18.18000 9.9961648288e-001
18.19000 9.9961779273e-001
18.20000 9.9961910136e-001
18.21000 9.9962040859e-001
18.22000 9.9962171426e-001
18.23000 9.9962301819e-001
18.24000 9.9962432022e-001
18.25000 9.9962562016e-001
18.26000 9.9962691785e-001
18.27000 9.9962821313e-001
18.28000 9.9962950583e-001
18.29000 9.9963079577e-001
18.30000 9.9963208280e-001
18.31000 9.9963336675e-001
18.32000 9.9963464746e-001
18.33000 9.9963592477e-001
18.34000 9.9963719852e-001
18.35000 9.9963846855e-001
18.36000 9.9963973470e-001
18.37000 9.9964099682e-001
18.38000 9.9964225475e-001
18.39000 9.9964350834e-001
18.40000 9.9964475745e-001
18.41000 9.9964600191e-001
18.42000 9.9964724158e-001
18.43000 9.9964847632e-001
18.44000 9.9964970598e-001
18.45000 9.9965093042e-001
18.46000 9.9965214949e-001
18.47000 9.9965336305e-001
18.48000 9.9965457097e-001
18.49000 9.9965577311e-001
18.50000 9.9965696934e-001
18.51000 9.9965815952e-001
18.52000 9.9965934352e-001
18.53000 9.9966052120e-001
18.54000 9.9966169246e-001
18.55000 9.9966285715e-001
18.56000 9.9966401515e-001
18.57000 9.9966516635e-001
18.58000 9.9966631062e-001
18.59000 9.9966744785e-001
18.60000 9.9966857791e-001
18.61000 9.9966970070e-001
18.62000 9.9967081610e-001
18.63000 9.9967192400e-001
18.64000 9.9967302430e-001
18.65000 9.9967411689e-001
18.66000 9.9967520166e-001
18.67000 9.9967627852e-001
18.68000 9.9967734736e-001
18.69000 9.9967840809e-001
18.70000 9.9967946061e-001
18.71000 9.9968050483e-001
18.72000 9.9968154065e-001
18.73000 9.9968256800e-001
18.74000 9.9968358678e-001
18.75000 9.9968459690e-001
18.76000 9.9968559829e-001
18.77000 9.9968659086e-001
18.78000 9.9968757455e-001
18.79000 9.9968854926e-001
18.80000 9.9968951493e-001
18.81000 9.9969047150e-001
18.82000 9.9969141888e-001
18.83000 9.9969235701e-001
18.84000 9.9969328583e-001
18.85000 9.9969420528e-001
18.86000 9.9969511529e-001
18.87000 9.9969601581e-001
18.88000 9.9969690678e-001
18.89000 9.9969778816e-001
18.90000 9.9969865988e-001
18.91000 9.9969952191e-001
18.92000 9.9970037419e-001
18.93000 9.9970121668e-001
18.94000 9.9970204934e-001
18.95000 9.9970287213e-001
18.96000 9.9970368501e-001
18.97000 9.9970448796e-001
18.98000 9.9970528092e-001
18.99000 9.9970606388e-001
19.00000 9.9970683681e-001
19.01000 9.9970759968e-001
19.02000 9.9970835247e-001
19.03000 9.9970909516e-001
19.04000 9.9970982772e-001
19.05000 9.9971055014e-001
19.06000 9.9971126241e-001
19.07000 9.9971196452e-001
19.08000 9.9971265644e-001
19.09000 9.9971333818e-001
19.10000 9.9971400974e-001
19.11000 9.9971467109e-001
19.12000 9.9971532225e-001
19.13000 9.9971596322e-001
19.14000 9.9971659400e-001
19.15000 9.9971721459e-001
19.16000 9.9971782500e-001
19.17000 9.9971842523e-001
19.18000 9.9971901532e-001
19.19000 9.9971959525e-001
19.20000 9.9972016506e-001
19.21000 9.9972072475e-001
19.22000 9.9972127435e-001
19.23000 9.9972181388e-001
19.24000 9.9972234336e-001
19.25000 9.9972286282e-001
19.26000 9.9972337228e-001
19.27000 9.9972387179e-001
19.28000 9.9972436136e-001
19.29000 9.9972484103e-001
19.30000 9.9972531083e-001
19.31000 9.9972577081e-001
19.32000 9.9972622101e-001
19.33000 9.9972666146e-001
19.34000 9.9972709220e-001
19.35000 9.9972751329e-001
19.36000 9.9972792477e-001
19.37000 9.9972832668e-001
19.38000 9.9972871909e-001
19.39000 9.9972910203e-001
19.40000 9.9972947556e-001
19.41000 9.9972983975e-001
19.42000 9.9973019464e-001
19.43000 9.9973054029e-001
19.44000 9.9973087678e-001
19.45000 9.9973120414e-001
19.46000 9.9973152246e-001
19.47000 9.9973183180e-001
19.48000 9.9973213222e-001
19.49000 9.9973242379e-001
19.50000 9.9973270658e-001
19.51000 9.9973298066e-001
19.52000 9.9973324611e-001
19.53000 9.9973350301e-001
19.54000 9.9973375141e-001
19.55000 9.9973399141e-001
19.56000 9.9973422308e-001
19.57000 9.9973444650e-001
19.58000 9.9973466176e-001
19.59000 9.9973486893e-001
19.60000 9.9973506810e-001
19.61000 9.9973525935e-001
19.62000 9.9973544277e-001
19.63000 9.9973561845e-001
19.64000 9.9973578648e-001
19.65000 9.9973594694e-001
19.66000 9.9973609993e-001
19.67000 9.9973624554e-001
19.68000 9.9973638386e-001
19.69000 9.9973651499e-001
19.70000 9.9973663901e-001
19.71000 9.9973675604e-001
19.72000 9.9973686616e-001
19.73000 9.9973696947e-001
19.74000 9.9973706608e-001
19.75000 9.9973715607e-001
19.76000 9.9973723956e-001
19.77000 9.9973731664e-001
19.78000 9.9973738741e-001
19.79000 9.9973745199e-001
19.80000 9.9973751047e-001
19.81000 9.9973756296e-001
19.82000 9.9973760955e-001
19.83000 9.9973765037e-001
19.84000 9.9973768552e-001
19.85000 9.9973771509e-001
19.86000 9.9973773921e-001
19.87000 9.9973775798e-001
19.88000 9.9973777151e-001
19.89000 9.9973777990e-001
19.90000 9.9973778327e-001
19.91000 9.9973778173e-001
19.92000 9.9973777539e-001
19.93000 9.9973776436e-001
19.94000 9.9973774875e-001
19.95000 9.9973772868e-001
19.96000 9.9973770425e-001
19.97000 9.9973767559e-001
19.98000 9.9973764279e-001
19.99000 9.9973760598e-001
20.00000 9.9973756527e-001
20.01000 9.9973752077e-001
20.02000 9.9973747260e-001
20.03000 9.9973742087e-001
20.04000 9.9973736570e-001
20.05000 9.9973730719e-001
20.06000 9.9973724546e-001
20.07000 9.9973718064e-001
20.08000 9.9973711282e-001
20.09000 9.9973704213e-001
20.10000 9.9973696869e-001
20.11000 9.9973689259e-001
20.12000 9.9973681397e-001
20.13000 9.9973673292e-001
20.14000 9.9973664958e-001
20.15000 9.9973656404e-001
20.16000 9.9973647643e-001
20.17000 9.9973638686e-001
20.18000 9.9973629544e-001
20.19000 9.9973620228e-001
20.20000 9.9973610750e-001
20.21000 9.9973601121e-001
20.22000 9.9973591351e-001
20.23000 9.9973581453e-001
20.24000 9.9973571438e-001
20.25000 9.9973561316e-001
20.26000 9.9973551099e-001
20.27000 9.9973540797e-001
20.28000 9.9973530421e-001
20.29000 9.9973519984e-001
20.30000 9.9973509494e-001
20.31000 9.9973498964e-001
20.32000 9.9973488403e-001
20.33000 9.9973477824e-001
20.34000 9.9973467235e-001
20.35000 9.9973456649e-001
20.36000 9.9973446075e-001
20.37000 9.9973435524e-001
20.38000 9.9973425006e-001
20.39000 9.9973414532e-001
20.40000 9.9973404112e-001
20.41000 9.9973393757e-001
20.42000 9.9973383475e-001
20.43000 9.9973373278e-001
20.44000 9.9973363175e-001
20.45000 9.9973353176e-001
20.46000 9.9973343291e-001
20.47000 9.9973333531e-001
20.48000 9.9973323903e-001
20.49000 9.9973314419e-001
20.50000 9.9973305087e-001
20.51000 9.9973295917e-001
20.52000 9.9973286918e-001
20.53000 9.9973278099e-001
20.54000 9.9973269470e-001
20.55000 9.9973261040e-001
20.56000 9.9973252817e-001
20.57000 9.9973244810e-001
20.58000 9.9973237029e-001
20.59000 9.9973229481e-001
20.60000 9.9973222175e-001
20.61000 9.9973215120e-001
20.62000 9.9973208324e-001
20.63000 9.9973201794e-001
20.64000 9.9973195541e-001
20.65000 9.9973189570e-001
20.66000 9.9973183891e-001
20.67000 9.9973178511e-001
20.68000 9.9973173438e-001
20.69000 9.9973168678e-001
20.70000 9.9973164241e-001
20.71000 9.9973160132e-001
20.72000 9.9973156360e-001
20.73000 9.9973152931e-001
20.74000 9.9973149852e-001
20.75000 9.9973147131e-001
20.76000 9.9973144773e-001
20.77000 9.9973142786e-001
20.78000 9.9973141176e-001
20.79000 9.9973139950e-001
20.80000 9.9973139113e-001
20.81000 9.9973138673e-001
20.82000 9.9973138633e-001
20.83000 9.9973139002e-001
20.84000 9.9973139785e-001
20.85000 9.9973140987e-001
20.86000 9.9973142613e-001
20.87000 9.9973144669e-001
20.88000 9.9973147161e-001
20.89000 9.9973150094e-001
20.90000 9.9973153472e-001
20.91000 9.9973157300e-001
20.92000 9.9973161584e-001
20.93000 9.9973166327e-001
20.94000 9.9973171534e-001
20.95000 9.9973177210e-001
20.96000 9.9973183359e-001
20.97000 9.9973189986e-001
20.98000 9.9973197092e-001
20.99000 9.9973204684e-001
21.00000 9.9973212764e-001
21.01000 9.9973221336e-001
21.02000 9.9973230404e-001
21.03000 9.9973239971e-001
21.04000 9.9973250039e-001
21.05000 9.9973260613e-001
21.06000 9.9973271694e-001
21.07000 9.9973283286e-001
21.08000 9.9973295392e-001
21.09000 9.9973308013e-001
21.10000 9.9973321153e-001
21.11000 9.9973334813e-001
21.12000 9.9973348996e-001
21.13000 9.9973363704e-001
21.14000 9.9973378938e-001
21.15000 9.9973394701e-001
21.16000 9.9973410994e-001
21.17000 9.9973427818e-001
21.18000 9.9973445175e-001
21.19000 9.9973463065e-001
21.20000 9.9973481491e-001
21.21000 9.9973500452e-001
21.22000 9.9973519951e-001
21.23000 9.9973539987e-001
21.24000 9.9973560561e-001
21.25000 9.9973581674e-001
21.26000 9.9973603326e-001
21.27000 9.9973625517e-001
21.28000 9.9973648247e-001
21.29000 9.9973671516e-001
21.30000 9.9973695324e-001
21.31000 9.9973719671e-001
21.32000 9.9973744556e-001
21.33000 9.9973769978e-001
21.34000 9.9973795938e-001
21.35000 9.9973822434e-001
21.36000 9.9973849466e-001
21.37000 9.9973877032e-001
21.38000 9.9973905131e-001
21.39000 9.9973933761e-001
21.40000 9.9973962923e-001
21.41000 9.9973992614e-001
21.42000 9.9974022832e-001
21.43000 9.9974053575e-001
21.44000 9.9974084843e-001
21.45000 9.9974116633e-001
21.46000 9.9974148943e-001
21.47000 9.9974181771e-001
21.48000 9.9974215114e-001
21.49000 9.9974248970e-001
21.50000 9.9974283337e-001
21.51000 9.9974318212e-001
21.52000 9.9974353592e-001
21.53000 9.9974389475e-001
21.54000 9.9974425858e-001
21.55000 9.9974462737e-001
21.56000 9.9974500110e-001
21.57000 9.9974537973e-001
21.58000 9.9974576323e-001
21.59000 9.9974615156e-001
21.60000 9.9974654470e-001
21.61000 9.9974694260e-001
21.62000 9.9974734524e-001
21.63000 9.9974775256e-001
21.64000 9.9974816453e-001
21.65000 9.9974858112e-001
21.66000 9.9974900227e-001
21.67000 9.9974942796e-001
21.68000 9.9974985814e-001
21.69000 9.9975029275e-001
21.70000 9.9975073178e-001
21.71000 9.9975117515e-001
21.72000 9.9975162284e-001
21.73000 9.9975207479e-001
21.74000 9.9975253095e-001
21.75000 9.9975299129e-001
21.76000 9.9975345575e-001
21.77000 9.9975392427e-001
21.78000 9.9975439682e-001
21.79000 9.9975487333e-001
21.80000 9.9975535377e-001
21.81000 9.9975583806e-001
21.82000 9.9975632618e-001
21.83000 9.9975681804e-001
21.84000 9.9975731362e-001
21.85000 9.9975781284e-001
21.86000 9.9975831566e-001
21.87000 9.9975882201e-001
21.88000 9.9975933185e-001
21.89000 9.9975984510e-001
21.90000 9.9976036173e-001
21.91000 9.9976088166e-001
21.92000 9.9976140484e-001
21.93000 9.9976193120e-001
21.94000 9.9976246070e-001
21.95000 9.9976299326e-001
21.96000 9.9976352883e-001
21.97000 9.9976406734e-001
21.98000 9.9976460874e-001
21.99000 9.9976515296e-001
