10.00000 1.3297249871e-039
10.01000 1.4670804249e-039
10.02000 1.6186107218e-039
10.03000 1.7857725961e-039
10.04000 1.9701710459e-039
10.05000 2.1735742193e-039
10.06000 2.3979297513e-039
10.07000 2.6453827117e-039
10.08000 2.9182953206e-039
10.09000 3.2192686066e-039
10.10000 3.5511661970e-039
10.11000 3.9171404506e-039
10.12000 4.3206611642e-039
10.13000 4.7655471067e-039
10.14000 5.2560006616e-039
10.15000 5.7966458848e-039
10.16000 6.3925703205e-039
10.17000 7.0493709464e-039
10.18000 7.7732046644e-039
10.19000 8.5708437897e-039
10.20000 9.4497370425e-039
10.21000 1.0418076594e-038
10.22000 1.1484871781e-038
10.23000 1.2660030156e-038
10.24000 1.3954446627e-038
10.25000 1.5380101499e-038
10.26000 1.6950168317e-038
10.27000 1.8679132527e-038
10.28000 2.0582922032e-038
10.29000 2.2679050878e-038
10.30000 2.4986777391e-038
10.31000 2.7527278256e-038
10.32000 3.0323840152e-038
10.33000 3.3402070751e-038
10.34000 3.6790131045e-038
10.35000 4.0518991189e-038
10.36000 4.4622712252e-038
10.37000 4.9138756532e-038
10.38000 5.4108329336e-038
10.39000 5.9576755429e-038
10.40000 6.5593893699e-038
10.41000 7.2214593899e-038
10.42000 7.9499199747e-038
10.43000 8.7514103095e-038
10.44000 9.6332354314e-038
10.45000 1.0603433459e-037
10.46000 1.1670849639e-037
10.47000 1.2845217888e-037
10.48000 1.4137250598e-037
10.49000 1.5558737516e-037
10.50000 1.7122654617e-037
10.51000 1.8843283964e-037
10.52000 2.0736345651e-037
10.53000 2.2819143019e-037
10.54000 2.5110722472e-037
10.55000 2.7632049329e-037
10.56000 3.0406201288e-037
10.57000 3.3458581237e-037
10.58000 3.6817151307e-037
10.59000 4.0512690230e-037
10.60000 4.4579076293e-037
10.61000 4.9053598352e-037
10.62000 5.3977297635e-037
10.63000 5.9395343300e-037
10.64000 6.5357445015e-037
10.65000 7.1918306088e-037
10.66000 7.9138121062e-037
10.67000 8.7083122006e-037
10.68000 9.5826178150e-037
10.69000 1.0544745395e-036
10.70000 1.1603513114e-036
10.71000 1.2768620077e-036
10.72000 1.4050733202e-036
10.73000 1.5461582483e-036
10.74000 1.7014065452e-036
10.75000 1.8722361681e-036
10.76000 2.0602058298e-036
10.77000 2.2670287547e-036
10.78000 2.4945877514e-036
10.79000 2.7449517299e-036
10.80000 3.0203937962e-036
10.81000 3.3234110763e-036
10.82000 3.6567464328e-036
10.83000 4.0234122539e-036
10.84000 4.4267165120e-036
10.85000 4.8702913090e-036
10.86000 5.3581241455e-036
10.87000 5.8945921761e-036
10.88000 6.4844997369e-036
10.89000 7.1331194611e-036
10.90000 7.8462373313e-036
10.91000 8.6302020468e-036
10.92000 9.4919791301e-036
10.93000 1.0439210231e-035
10.94000 1.1480278140e-035
10.95000 1.2624378068e-035
10.96000 1.3881595810e-035
10.97000 1.5262993472e-035
10.98000 1.6780703509e-035
10.99000 1.8448031887e-035
11.00000 2.0279571290e-035
11.01000 2.2291325353e-035
11.02000 2.4500845027e-035
11.03000 2.6927378277e-035
11.04000 2.9592034443e-035
11.05000 3.2517964717e-035
11.06000 3.5730560359e-035
11.07000 3.9257670391e-035
11.08000 4.3129840729e-035
11.09000 4.7380576886e-035
11.10000 5.2046632568e-035
11.11000 5.7168326761e-035
11.12000 6.2789892120e-035
11.13000 6.8959857764e-035
11.14000 7.5731469880e-035
11.15000 8.3163153877e-035
11.16000 9.1319022173e-035
11.17000 1.0026943212e-034
11.18000 1.1009159896e-034
11.19000 1.2087026927e-034
11.20000 1.3269846069e-034
11.21000 1.4567827453e-034
11.22000 1.5992178825e-034
11.23000 1.7555203557e-034
11.24000 1.9270408271e-034
11.25000 2.1152621001e-034
11.26000 2.3218120907e-034
11.27000 2.5484780648e-034
11.28000 2.7972222614e-034
11.29000 3.0701990360e-034
11.30000 3.3697736655e-034
11.31000 3.6985429745e-034
11.32000 4.0593579524e-034
11.33000 4.4553485510e-034
11.34000 4.8899508641e-034
11.35000 5.3669369144e-034
11.36000 5.8904472885e-034
11.37000 6.4650268857e-034
11.38000 7.0956640680e-034
11.39000 7.7878335262e-034
11.40000 8.5475432048e-034
11.41000 9.3813856576e-034
11.42000 1.0296594241e-033
11.43000 1.1301104590e-033
11.44000 1.2403621856e-033
11.45000 1.3613694234e-033
11.46000 1.4941793359e-033
11.47000 1.6399402190e-033
11.48000 1.7999111065e-033
11.49000 1.9754722683e-033
11.50000 2.1681366809e-033
11.51000 2.3795625614e-033
11.52000 2.6115670602e-033
11.53000 2.8661412193e-033
11.54000 3.1454663135e-033
11.55000 3.4519317001e-033
11.56000 3.7881543168e-033
11.57000 4.1569999819e-033
11.58000 4.5616066613e-033
11.59000 5.0054098885e-033
11.60000 5.4921705364e-033
11.61000 6.0260051630e-033
11.62000 6.6114191726e-033
11.63000 7.2533430592e-033
11.64000 7.9571720225e-033
11.65000 8.7288092800e-033
11.66000 9.5747134248e-033
11.67000 1.0501950218e-032
11.68000 1.1518249243e-032
11.69000 1.2632065883e-032
11.70000 1.3852649144e-032
11.71000 1.5190115879e-032
11.72000 1.6655532043e-032
11.73000 1.8261001646e-032
11.74000 2.0019764167e-032
11.75000 2.1946301238e-032
11.76000 2.4056453502e-032
11.77000 2.6367548631e-032
11.78000 2.8898541601e-032
11.79000 3.1670168384e-032
11.80000 3.4705114388e-032
11.81000 3.8028199058e-032
11.82000 4.1666578203e-032
11.83000 4.5649965756e-032
11.84000 5.0010876853e-032
11.85000 5.4784894270e-032
11.86000 6.0010960459e-032
11.87000 6.5731697649e-032
11.88000 7.1993758667e-032
11.89000 7.8848211437e-032
11.90000 8.6350960324e-032
11.91000 9.4563207834e-032
11.92000 1.0355196048e-031
11.93000 1.1339058293e-031
11.94000 1.2415940507e-031
11.95000 1.3594638676e-031
11.96000 1.4884784586e-031
11.97000 1.6296925519e-031
11.98000 1.7842611501e-031
11.99000 1.9534490777e-031
12.00000 2.1386414290e-031
12.01000 2.3413549964e-031
12.02000 2.5632507713e-031
12.03000 2.8061476115e-031
12.04000 3.0720371847e-031
12.05000 3.3631002993e-031
12.06000 3.6817247505e-031
12.07000 4.0305248143e-031
12.08000 4.4123625398e-031
12.09000 4.8303709970e-031
12.10000 5.2879796559e-031
12.11000 5.7889420844e-031
12.12000 6.3373661706e-031
12.13000 6.9377470921e-031
12.14000 7.5950032739e-031
12.15000 8.3145155988e-031
12.16000 9.1021701559e-031
12.17000 9.9644048377e-031
12.18000 1.0908260125e-030
12.19000 1.1941434429e-030
12.20000 1.3072344389e-030
12.21000 1.4310190565e-030
12.22000 1.5665029005e-030
12.23000 1.7147849202e-030
12.24000 1.8770659008e-030
12.25000 2.0546577138e-030
12.26000 2.2489933918e-030
12.27000 2.4616381050e-030
12.28000 2.6943011171e-030
12.29000 2.9488488128e-030
12.30000 3.2273188910e-030
12.31000 3.5319358330e-030
12.32000 3.8651277600e-030
12.33000 4.2295448110e-030
12.34000 4.6280791772e-030
12.35000 5.0638869518e-030
12.36000 5.5404119602e-030
12.37000 6.0614117572e-030
12.38000 6.6309859956e-030
12.39000 7.2536073862e-030
12.40000 7.9341554966e-030
12.41000 8.6779536543e-030
12.42000 9.4908092490e-030
12.43000 1.0379057754e-029
12.44000 1.1349610824e-029
12.45000 1.2410008846e-029
12.46000 1.3568478374e-029
12.47000 1.4833994908e-029
12.48000 1.6216351518e-029
12.49000 1.7726233871e-029
12.50000 1.9375302261e-029
12.51000 2.1176281301e-029
12.52000 2.3143058001e-029
12.53000 2.5290789015e-029
12.54000 2.7636017910e-029
12.55000 3.0196803402e-029
12.56000 3.2992859561e-029
12.57000 3.6045709113e-029
12.58000 3.9378851032e-029
12.59000 4.3017943743e-029
12.60000 4.6991005366e-029
12.61000 5.1328632558e-029
12.62000 5.6064239636e-029
12.63000 6.1234319832e-029
12.64000 6.6878730658e-029
12.65000 7.3041005567e-029
12.66000 7.9768694241e-029
12.67000 8.7113734072e-029
12.68000 9.5132855598e-029
12.69000 1.0388802489e-028
12.70000 1.1344692612e-028
12.71000 1.2388348792e-028
12.72000 1.3527845718e-028
12.73000 1.4772002457e-028
12.74000 1.6130450621e-028
12.75000 1.7613708630e-028
12.76000 1.9233262593e-028
12.77000 2.1001654387e-028
12.78000 2.2932577526e-028
12.79000 2.5040981510e-028
12.80000 2.7343185353e-028
12.81000 2.9857001078e-028
12.82000 3.2601868021e-028
12.83000 3.5598998864e-028
12.84000 3.8871538379e-028
12.85000 4.2444735965e-028
12.86000 4.6346133140e-028
12.87000 5.0605767268e-028
12.88000 5.5256392877e-028
12.89000 6.0333722083e-028
12.90000 6.5876685740e-028
12.91000 7.1927717096e-028
12.92000 7.8533059875e-028
12.93000 8.5743102914e-028
12.94000 9.3612743628e-028
12.95000 1.0220178284e-027
12.96000 1.1157535369e-027
12.97000 1.2180438766e-027
12.98000 1.3296612097e-027
12.99000 1.4514464488e-027
13.00000 1.5843150399e-027
13.01000 1.7292634666e-027
13.02000 1.8873763228e-027
13.03000 2.0598340077e-027
13.04000 2.2479210955e-027
13.05000 2.4530354461e-027
13.06000 2.6766981214e-027
13.07000 2.9205641822e-027
13.08000 3.1864344476e-027
13.09000 3.4762683045e-027
13.10000 3.7921976652e-027
13.11000 4.1365421786e-027
13.12000 4.5118258112e-027
13.13000 4.9207949243e-027
13.14000 5.3664379859e-027
13.15000 5.8520070680e-027
13.16000 6.3810412930e-027
13.17000 6.9573924097e-027
13.18000 7.5852526922e-027
13.19000 8.2691853760e-027
13.20000 9.0141578602e-027
13.21000 9.8255779292e-027
13.22000 1.0709333265e-026
13.23000 1.1671834548e-026
13.24000 1.2720062468e-026
13.25000 1.3861618992e-026
13.26000 1.5104783272e-026
13.27000 1.6458572604e-026
13.28000 1.7932808873e-026
13.29000 1.9538190983e-026
13.30000 2.1286373776e-026
13.31000 2.3190054012e-026
13.32000 2.5263064033e-026
13.33000 2.7520473741e-026
13.34000 2.9978701633e-026
13.35000 3.2655635643e-026
13.36000 3.5570764639e-026
13.37000 3.8745321457e-026
13.38000 4.2202438448e-026
13.39000 4.5967316592e-026
13.40000 5.0067409288e-026
13.41000 5.4532622055e-026
13.42000 5.9395529445e-026
13.43000 6.4691610587e-026
13.44000 7.0459504887e-026
13.45000 7.6741289529e-026
13.46000 8.3582780561e-026
13.47000 9.1033859470e-026
13.48000 9.9148827331e-026
13.49000 1.0798678875e-025
13.50000 1.1761206804e-025
13.51000 1.2809466019e-025
13.52000 1.3951071959e-025
13.53000 1.5194308933e-025
13.54000 1.6548187469e-025
13.55000 1.8022506421e-025
13.56000 1.9627920228e-025
13.57000 2.1376011761e-025
13.58000 2.3279371209e-025
13.59000 2.5351681507e-025
13.60000 2.7607810870e-025
13.61000 3.0063913006e-025
13.62000 3.2737535677e-025
13.63000 3.5647738324e-025
13.64000 3.8815219515e-025
13.65000 4.2262455087e-025
13.66000 4.6013847896e-025
13.67000 5.0095890205e-025
13.68000 5.4537339806e-025
13.69000 5.9369411116e-025
13.70000 6.4625982546e-025
13.71000 7.0343821632e-025
13.72000 7.6562829490e-025
13.73000 8.3326306350e-025
13.74000 9.0681240059e-025
13.75000 9.8678619634e-025
13.76000 1.0737377612e-024
13.77000 1.1682675320e-024
13.78000 1.2710271034e-024
13.79000 1.3827236120e-024
13.80000 1.5041245075e-024
13.81000 1.6360627435e-024
13.82000 1.7794424265e-024
13.83000 1.9352449643e-024
13.84000 2.1045357570e-024
13.85000 2.2884714808e-024
13.86000 2.4883080139e-024
13.87000 2.7054090645e-024
13.88000 2.9412555589e-024
13.89000 3.1974558578e-024
13.90000 3.4757568724e-024
13.91000 3.7780561559e-024
13.92000 4.1064150565e-024
13.93000 4.4630730199e-024
13.94000 4.8504631397e-024
13.95000 5.2712290600e-024
13.96000 5.7282433438e-024
13.97000 6.2246274285e-024
13.98000 6.7637732994e-024
13.99000 7.3493670227e-024
14.00000 7.9854142902e-024
14.01000 8.6762681372e-024
14.02000 9.4266590114e-024
14.03000 1.0241727379e-023
14.04000 1.1127059074e-023
14.05000 1.2088723604e-023
14.06000 1.3133315650e-023
14.07000 1.4268000011e-023
14.08000 1.5500560262e-023
14.09000 1.6839451417e-023
14.10000 1.8293856913e-023
14.11000 1.9873750232e-023
14.12000 2.1589961557e-023
14.13000 2.3454249812e-023
14.14000 2.5479380528e-023
14.15000 2.7679209984e-023
14.16000 3.0068776097e-023
14.17000 3.2664396602e-023
14.18000 3.5483775081e-023
14.19000 3.8546115452e-023
14.20000 4.1872245597e-023
14.21000 4.5484750836e-023
14.22000 4.9408118043e-023
14.23000 5.3668891241e-023
14.24000 5.8295839622e-023
14.25000 6.3320138977e-023
14.26000 6.8775567662e-023
14.27000 7.4698718271e-023
14.28000 8.1129226347e-023
14.29000 8.8110017549e-023
14.30000 9.5687574838e-023
14.31000 1.0391222739e-022
14.32000 1.1283846307e-022
14.33000 1.2252526662e-022
14.34000 1.3303648556e-022
14.35000 1.4444122648e-022
14.36000 1.5681428424e-022
14.37000 1.7023660698e-022
14.38000 1.8479580014e-022
14.39000 2.0058667293e-022
14.40000 2.1771183092e-022
14.41000 2.3628231898e-022
14.42000 2.5641831889e-022
14.43000 2.7824990640e-022
14.44000 3.0191787317e-022
14.45000 3.2757461904e-022
14.46000 3.5538512091e-022
14.47000 3.8552798480e-022
14.48000 4.1819658841e-022
14.49000 4.5360032180e-022
14.50000 4.9196593466e-022
14.51000 5.3353899930e-022
14.52000 5.7858549896e-022
14.53000 6.2739355210e-022
14.54000 6.8027528392e-022
14.55000 7.3756885735e-022
14.56000 7.9964067652e-022
14.57000 8.6688777690e-022
14.58000 9.3974041709e-022
14.59000 1.0186648886e-021
14.60000 1.1041665609e-021
14.61000 1.1967931807e-021
14.62000 1.2971384448e-021
14.63000 1.4058458686e-021
14.64000 1.5236129730e-021
14.65000 1.6511958142e-021
14.66000 1.7894138823e-021
14.67000 1.9391553978e-021
14.68000 2.1013830347e-021
14.69000 2.2771401039e-021
14.70000 2.4675572301e-021
14.71000 2.6738595597e-021
14.72000 2.8973745388e-021
14.73000 3.1395403039e-021
14.74000 3.4019147300e-021
14.75000 3.6861851853e-021
14.76000 3.9941790434e-021
14.77000 4.3278750107e-021
14.78000 4.6894153262e-021
14.79000 5.0811189012e-021
14.80000 5.5054954669e-021
14.81000 5.9652608044e-021
14.82000 6.4633531396e-021
14.83000 7.0029507895e-021
14.84000 7.5874911548e-021
14.85000 8.2206911626e-021
14.86000 8.9065692694e-021
14.87000 9.6494691469e-021
14.88000 1.0454085183e-020
14.89000 1.1325489940e-020
14.90000 1.2269163729e-020
14.91000 1.3291026475e-020
14.92000 1.4397472045e-020
14.93000 1.5595405270e-020
14.94000 1.6892281853e-020
14.95000 1.8296151430e-020
14.96000 1.9815704045e-020
14.97000 2.1460320315e-020
14.98000 2.3240125628e-020
14.99000 2.5166048693e-020
15.00000 2.7249884839e-020
15.01000 2.9504364465e-020
15.02000 3.1943227082e-020
15.03000 3.4581301446e-020
15.04000 3.7434592290e-020
15.05000 4.0520374247e-020
15.06000 4.3857293557e-020
15.07000 4.7465478249e-020
15.08000 5.1366657506e-020
15.09000 5.5584290995e-020
15.10000 6.0143709007e-020
15.11000 6.5072264304e-020
15.12000 7.0399496647e-020
15.13000 7.6157311061e-020
15.14000 8.2380170940e-020
15.15000 8.9105307218e-020
15.16000 9.6372944874e-020
15.17000 1.0422654818e-019
15.18000 1.1271308613e-019
15.19000 1.2188331970e-019
15.20000 1.3179211255e-019
15.21000 1.4249876699e-019
15.22000 1.5406738726e-019
15.23000 1.6656727194e-019
15.24000 1.8007333792e-019
15.25000 1.9466657814e-019
15.26000 2.1043455561e-019
15.27000 2.2747193637e-019
15.28000 2.4588106424e-019
15.29000 2.6577258033e-019
15.30000 2.8726609053e-019
15.31000 3.1049088439e-019
15.32000 3.3558670908e-019
15.33000 3.6270460213e-019
15.34000 3.9200778734e-019
15.35000 4.2367263798e-019
15.36000 4.5788971222e-019
15.37000 4.9486486564e-019
15.38000 5.3482044621e-019
15.39000 5.7799657762e-019
15.40000 6.2465253691e-019
15.41000 6.7506823313e-019
15.42000 7.2954579417e-019
15.43000 7.8841126929e-019
15.44000 8.5201645576e-019
15.45000 9.2074085836e-019
15.46000 9.9499379163e-019
15.47000 1.0752166351e-018
15.48000 1.1618852532e-018
15.49000 1.2555125917e-018
15.50000 1.3566514650e-018
15.51000 1.4658975482e-018
15.52000 1.5838925901e-018
15.53000 1.7113278654e-018
15.54000 1.8489478842e-018
15.55000 1.9975543804e-018
15.56000 2.1580106018e-018
15.57000 2.3312459262e-018
15.58000 2.5182608321e-018
15.59000 2.7201322523e-018
15.60000 2.9380193435e-018
15.61000 3.1731697072e-018
15.62000 3.4269261004e-018
15.63000 3.7007336770e-018
15.64000 3.9961478065e-018
15.65000 4.3148425176e-018
15.66000 4.6586196205e-018
15.67000 5.0294185651e-018
15.68000 5.4293270961e-018
15.69000 5.8605927733e-018
15.70000 6.3256354256e-018
15.71000 6.8270606187e-018
15.72000 7.3676742161e-018
15.73000 7.9504981236e-018
15.74000 8.5787873097e-018
15.75000 9.2560482044e-018
15.76000 9.9860585821e-018
15.77000 1.0772889045e-017
15.78000 1.1620926228e-017
15.79000 1.2534897852e-017
15.80000 1.3519899773e-017
15.81000 1.4581425162e-017
15.82000 1.5725395978e-017
15.83000 1.6958196902e-017
15.84000 1.8286711895e-017
15.85000 1.9718363589e-017
15.86000 2.1261155677e-017
15.87000 2.2923718543e-017
15.88000 2.4715358326e-017
15.89000 2.6646109669e-017
15.90000 2.8726792398e-017
15.91000 3.0969072383e-017
15.92000 3.3385526880e-017
15.93000 3.5989714627e-017
15.94000 3.8796251018e-017
15.95000 4.1820888690e-017
15.96000 4.5080603865e-017
15.97000 4.8593688835e-017
15.98000 5.2379850973e-017
15.99000 5.6460318715e-017
16.00000 6.0857954950e-017
16.01000 6.5597378317e-017
16.02000 7.0705092929e-017
16.03000 7.6209627079e-017
16.04000 8.2141681543e-017
16.05000 8.8534288126e-017
16.06000 9.5422979158e-017
16.07000 1.0284596871e-016
16.08000 1.1084434636e-016
16.09000 1.1946228442e-016
16.10000 1.2874725958e-016
16.11000 1.3875029014e-016
16.12000 1.4952618986e-016
16.13000 1.6113383982e-016
16.14000 1.7363647976e-016
16.15000 1.8710202021e-016
16.16000 2.0160337736e-016
16.17000 2.1721883233e-016
16.18000 2.3403241696e-016
16.19000 2.5213432823e-016
16.20000 2.7162137377e-016
16.21000 2.9259745102e-016
16.22000 3.1517406290e-016
16.23000 3.3947087308e-016
16.24000 3.6561630404e-016
16.25000 3.9374818177e-016
16.26000 4.2401443065e-016
16.27000 4.5657382305e-016
16.28000 4.9159678777e-016
16.29000 5.2926628243e-016
16.30000 5.6977873475e-016
16.31000 6.1334505834e-016
16.32000 6.6019174881e-016
16.33000 7.1056206645e-016
16.34000 7.6471731212e-016
16.35000 8.2293820345e-016
16.36000 8.8552635876e-016
16.37000 9.5280589664e-016
16.38000 1.0251251596e-015
16.39000 1.1028585707e-015
16.40000 1.1864086322e-015
16.41000 1.2762080765e-015
16.42000 1.3727221798e-015
16.43000 1.4764512488e-015
16.44000 1.5879332927e-015
16.45000 1.7077468924e-015
16.46000 1.8365142795e-015
16.47000 1.9749046387e-015
16.48000 2.1236376481e-015
16.49000 2.2834872718e-015
16.50000 2.4552858201e-015
16.51000 2.6399282954e-015
16.52000 2.8383770393e-015
16.53000 3.0516667004e-015
16.54000 3.2809095420e-015
16.55000 3.5273011091e-015
16.56000 3.7921262789e-015
16.57000 4.0767657140e-015
16.58000 4.3827027465e-015
16.59000 4.7115307165e-015
16.60000 5.0649607930e-015
16.61000 5.4448303085e-015
16.62000 5.8531116371e-015
16.63000 6.2919216520e-015
16.64000 6.7635317980e-015
16.65000 7.2703788216e-015
16.66000 7.8150761988e-015
16.67000 8.4004263114e-015
16.68000 9.0294334217e-015
16.69000 9.7053175023e-015
16.70000 1.0431528984e-014
16.71000 1.1211764487e-014
16.72000 1.2049983617e-014
16.73000 1.2950426892e-014
16.74000 1.3917634913e-014
16.75000 1.4956468853e-014
16.76000 1.6072132386e-014
16.77000 1.7270195168e-014
16.78000 1.8556618002e-014
16.79000 1.9937779824e-014
16.80000 2.1420506656e-014
16.81000 2.3012102707e-014
16.82000 2.4720383783e-014
16.83000 2.6553713212e-014
16.84000 2.8521040483e-014
16.85000 3.0631942828e-014
16.86000 3.2896669992e-014
16.87000 3.5326192426e-014
16.88000 3.7932253209e-014
16.89000 4.0727423957e-014
16.90000 4.3725165059e-014
16.91000 4.6939890540e-014
16.92000 5.0387037916e-014
16.93000 5.4083143404e-014
16.94000 5.8045922865e-014
16.95000 6.2294358888e-014
16.96000 6.6848794451e-014
16.97000 7.1731033582e-014
16.98000 7.6964449519e-014
16.99000 8.2574100828e-014
17.00000 8.8586856013e-014
17.01000 9.5031527136e-014
17.02000 1.0193901302e-013
17.03000 1.0934245262e-013
17.04000 1.1727738913e-013
17.05000 1.2578194553e-013
17.06000 1.3489701217e-013
17.07000 1.4466644712e-013
17.08000 1.5513729002e-013
17.09000 1.6635999011e-013
17.10000 1.7838864932e-013
17.11000 1.9128128117e-013
17.12000 2.0510008648e-013
17.13000 2.1991174652e-013
17.14000 2.3578773494e-013
17.15000 2.5280464915e-013
17.16000 2.7104456242e-013
17.17000 2.9059539778e-013
17.18000 3.1155132492e-013
17.19000 3.3401318141e-013
17.20000 3.5808891964e-013
17.21000 3.8389408094e-013
17.22000 4.1155229859e-013
17.23000 4.4119583137e-013
17.24000 4.7296612974e-013
17.25000 5.0701443657e-013
17.26000 5.4350242493e-013
17.27000 5.8260287528e-013
17.28000 6.2450039504e-013
17.29000 6.6939218348e-013
17.30000 7.1748884538e-013
17.31000 7.6901525720e-013
17.32000 8.2421148981e-013
17.33000 8.8333379243e-013
17.34000 9.4665564248e-013
17.35000 1.0144688672e-012
17.36000 1.0870848423e-012
17.37000 1.1648357753e-012
17.38000 1.2480760788e-012
17.39000 1.3371838433e-012
17.40000 1.4325624164e-012
17.41000 1.5346420979e-012
17.42000 1.6438819600e-012
17.43000 1.7607718036e-012
17.44000 1.8858342600e-012
17.45000 2.0196270518e-012
17.46000 2.1627454234e-012
17.47000 2.3158247543e-012
17.48000 2.4795433708e-012
17.49000 2.6546255671e-012
17.50000 2.8418448542e-012
17.51000 3.0420274503e-012
17.52000 3.2560560291e-012
17.53000 3.4848737446e-012
17.54000 3.7294885480e-012
17.55000 3.9909778167e-012
17.56000 4.2704933139e-012
17.57000 4.5692664979e-012
17.58000 4.8886142025e-012
17.59000 5.2299447084e-012
17.60000 5.5947642279e-012
17.61000 5.9846838252e-012
17.62000 6.4014267952e-012
17.63000 6.8468365241e-012
17.64000 7.3228848578e-012
17.65000 7.8316810011e-012
17.66000 8.3754809771e-012
17.67000 8.9566976703e-012
17.68000 9.5779114847e-012
17.69000 1.0241881645e-011
17.70000 1.0951558172e-011
17.71000 1.1710094559e-011
17.72000 1.2520861200e-011
17.73000 1.3387459576e-011
17.74000 1.4313737269e-011
17.75000 1.5303803821e-011
17.76000 1.6362047494e-011
17.77000 1.7493152966e-011
17.78000 1.8702120032e-011
17.79000 1.9994283339e-011
17.80000 2.1375333246e-011
17.81000 2.2851337843e-011
17.82000 2.4428766228e-011
17.83000 2.6114513111e-011
17.84000 2.7915924830e-011
17.85000 2.9840826898e-011
17.86000 3.1897553158e-011
17.87000 3.4094976705e-011
17.88000 3.6442542688e-011
17.89000 3.8950303141e-011
17.90000 4.1628954024e-011
17.91000 4.4489874647e-011
17.92000 4.7545169672e-011
17.93000 5.0807713927e-011
17.94000 5.4291200262e-011
17.95000 5.8010190705e-011
17.96000 6.1980171215e-011
17.97000 6.6217610311e-011
17.98000 7.0740021933e-011
17.99000 7.5566032855e-011
18.00000 8.0715455039e-011
18.01000 8.6209363319e-011
18.02000 9.2070178819e-011
18.03000 9.8321758558e-011
18.04000 1.0498949168e-010
18.05000 1.1210040278e-010
18.06000 1.1968326287e-010
18.07000 1.2776870838e-010
18.08000 1.3638936886e-010
18.09000 1.4558000382e-010
18.10000 1.5537764928e-010
18.11000 1.6582177469e-010
18.12000 1.7695445058e-010
18.13000 1.8882052780e-010
18.14000 2.0146782877e-010
18.15000 2.1494735132e-010
18.16000 2.2931348595e-010
18.17000 2.4462424688e-010
18.18000 2.6094151766e-010
18.19000 2.7833131203e-010
18.20000 2.9686405050e-010
18.21000 3.1661485357e-010
18.22000 3.3766385202e-010
18.23000 3.6009651511e-010
18.24000 3.8400399738e-010
18.25000 4.0948350475e-010
18.26000 4.3663868067e-010
18.27000 4.6558001314e-010
18.28000 4.9642526341e-010
18.29000 5.2929991725e-010
18.30000 5.6433765959e-010
18.31000 6.0168087374e-010
18.32000 6.4148116606e-010
18.33000 6.8389991736e-010
18.34000 7.2910886221e-010
18.35000 7.7729069769e-010
18.36000 8.2863972306e-010
18.37000 8.8336251215e-010
18.38000 9.4167862038e-010
18.39000 1.0038213287e-009
18.40000 1.0700384268e-009
18.41000 1.1405930385e-009
18.42000 1.2157644927e-009
18.43000 1.2958492425e-009
18.44000 1.3811618373e-009
18.45000 1.4720359528e-009
18.46000 1.5688254814e-009
18.47000 1.6719056916e-009
18.48000 1.7816744600e-009
18.49000 1.8985535826e-009
18.50000 2.0229901746e-009
18.51000 2.1554581637e-009
18.52000 2.2964598865e-009
18.53000 2.4465277980e-009
18.54000 2.6062263016e-009
18.55000 2.7761537112e-009
18.56000 2.9569443559e-009
18.57000 3.1492708384e-009
18.58000 3.3538464589e-009
18.59000 3.5714278161e-009
18.60000 3.8028175990e-009
18.61000 4.0488675816e-009
18.62000 4.3104818338e-009
18.63000 4.5886201620e-009
18.64000 4.8843017928e-009
18.65000 5.1986093139e-009
18.66000 5.5326928851e-009
18.67000 5.8877747339e-009
18.68000 6.2651539487e-009
18.69000 6.6662115835e-009
18.70000 7.0924160872e-009
18.71000 7.5453290709e-009
18.72000 8.0266114261e-009
18.73000 8.5380298068e-009
18.74000 9.0814634879e-009
18.75000 9.6589116125e-009
18.76000 1.0272500841e-008
18.77000 1.0924493412e-008
18.78000 1.1617295632e-008
18.79000 1.2353466799e-008
18.80000 1.3135728577e-008
18.81000 1.3966974839e-008
18.82000 1.4850281974e-008
18.83000 1.5788919693e-008
18.84000 1.6786362336e-008
18.85000 1.7846300695e-008
18.86000 1.8972654373e-008
18.87000 2.0169584700e-008
18.88000 2.1441508222e-008
18.89000 2.2793110787e-008
18.90000 2.4229362264e-008
18.91000 2.5755531904e-008
18.92000 2.7377204410e-008
18.93000 2.9100296727e-008
18.94000 3.0931075617e-008
18.95000 3.2876176072e-008
18.96000 3.4942620615e-008
18.97000 3.7137839581e-008
18.98000 3.9469692435e-008
18.99000 4.1946490245e-008
19.00000 4.4577019389e-008
19.01000 4.7370566632e-008
19.02000 5.0336945693e-008
19.03000 5.3486525442e-008
19.04000 5.6830259891e-008
19.05000 6.0379720153e-008
19.06000 6.4147128542e-008
19.07000 6.8145395025e-008
19.08000 7.2388156234e-008
19.09000 7.6889817266e-008
19.10000 8.1665596510e-008
19.11000 8.6731573740e-008
19.12000 9.2104741744e-008
19.13000 9.7803061747e-008
19.14000 1.0384552289e-007
19.15000 1.1025220607e-007
19.16000 1.1704435235e-007
19.17000 1.2424443629e-007
19.18000 1.3187624446e-007
19.19000 1.3996495927e-007
19.20000 1.4853724865e-007
19.21000 1.5762136150e-007
19.22000 1.6724722941e-007
19.23000 1.7744657479e-007
19.24000 1.8825302555e-007
19.25000 1.9970223671e-007
19.26000 2.1183201891e-007
19.27000 2.2468247418e-007
19.28000 2.3829613905e-007
19.29000 2.5271813514e-007
19.30000 2.6799632737e-007
19.31000 2.8418148993e-007
19.32000 3.0132748009e-007
19.33000 3.1949141999e-007
19.34000 3.3873388645e-007
19.35000 3.5911910899e-007
19.36000 3.8071517596e-007
19.37000 4.0359424914e-007
19.38000 4.2783278674e-007
19.39000 4.5351177492e-007
19.40000 4.8071696812e-007
19.41000 5.0953913827e-007
19.42000 5.4007433316e-007
19.43000 5.7242414424e-007
19.44000 6.0669598423e-007
19.45000 6.4300337503e-007
19.46000 6.8146624635e-007
19.47000 7.2221124585e-007
19.48000 7.6537206153e-007
19.49000 8.1108975735e-007
19.50000 8.5951312319e-007
19.51000 9.1079904044e-007
19.52000 9.6511286492e-007
19.53000 1.0226288286e-006
19.54000 1.0835304625e-006
19.55000 1.1480110426e-006
19.56000 1.2162740620e-006
19.57000 1.2885337308e-006
19.58000 1.3650155092e-006
19.59000 1.4459566740e-006
19.60000 1.5316069250e-006
19.61000 1.6222290336e-006
19.62000 1.7180995383e-006
19.63000 1.8195094911e-006
19.64000 1.9267652599e-006
19.65000 2.0401893901e-006
19.66000 2.1601215326e-006
19.67000 2.2869194403e-006
19.68000 2.4209600397e-006
19.69000 2.5626405808e-006
19.70000 2.7123798719e-006
19.71000 2.8706196012e-006
19.72000 3.0378257510e-006
19.73000 3.2144901085e-006
19.74000 3.4011318751e-006
19.75000 3.5982993790e-006
19.76000 3.8065718938e-006
19.77000 4.0265615639e-006
19.78000 4.2589154402e-006
19.79000 4.5043176277e-006
19.80000 4.7634915438e-006
19.81000 5.0372022908e-006
19.82000 5.3262591406e-006
19.83000 5.6315181319e-006
19.84000 5.9538847797e-006
19.85000 6.2943168951e-006
19.86000 6.6538275152e-006
19.87000 7.0334879407e-006
19.88000 7.4344308796e-006
19.89000 7.8578536955e-006
19.90000 8.3050217593e-006
19.91000 8.7772719008e-006
19.92000 9.2760159611e-006
19.93000 9.8027444436e-006
19.94000 1.0359030264e-005
19.95000 1.0946532599e-005
19.96000 1.1567000836e-005
19.97000 1.2222278629e-005
19.98000 1.2914308055e-005
19.99000 1.3645133898e-005
20.00000 1.4416908041e-005
20.01000 1.5231894005e-005
20.02000 1.6092471626e-005
20.03000 1.7001141904e-005
20.04000 1.7960532032e-005
20.05000 1.8973400637e-005
20.06000 2.0042643260e-005
20.07000 2.1171298100e-005
20.08000 2.2362552077e-005
20.09000 2.3619747231e-005
20.10000 2.4946387527e-005
20.11000 2.6346146102e-005
20.12000 2.7822873010e-005
20.13000 2.9380603535e-005
20.14000 3.1023567120e-005
20.15000 3.2756196987e-005
20.16000 3.4583140516e-005
20.17000 3.6509270448e-005
20.18000 3.8539696978e-005
20.19000 4.0679780826e-005
20.20000 4.2935147330e-005
20.21000 4.5311701645e-005
20.22000 4.7815645099e-005
20.23000 5.0453492775e-005
20.24000 5.3232092352e-005
20.25000 5.6158644268e-005
20.26000 5.9240723238e-005
20.27000 6.2486301141e-005
20.28000 6.5903771316e-005
20.29000 6.9501974265e-005
20.30000 7.3290224763e-005
20.31000 7.7278340373e-005
20.32000 8.1476671336e-005
20.33000 8.5896131810e-005
20.34000 9.0548232432e-005
20.35000 9.5445114130e-005
20.36000 1.0059958316e-004
20.37000 1.0602514726e-004
20.38000 1.1173605294e-004
20.39000 1.1774732373e-004
20.40000 1.2407479936e-004
20.41000 1.3073517581e-004
20.42000 1.3774604616e-004
20.43000 1.4512594211e-004
20.44000 1.5289437611e-004
20.45000 1.6107188413e-004
20.46000 1.6968006890e-004
20.47000 1.7874164362e-004
20.48000 1.8828047618e-004
20.49000 1.9832163377e-004
20.50000 2.0889142804e-004
20.51000 2.2001746073e-004
20.52000 2.3172866997e-004
20.53000 2.4405537734e-004
20.54000 2.5702933577e-004
20.55000 2.7068377867e-004
20.56000 2.8505347040e-004
20.57000 3.0017475857e-004
20.58000 3.1608562833e-004
20.59000 3.3282575933e-004
20.60000 3.5043658579e-004
20.61000 3.6896136010e-004
20.62000 3.8844522087e-004
20.63000 4.0893526590e-004
20.64000 4.3048063087e-004
20.65000 4.5313257463e-004
20.66000 4.7694457183e-004
20.67000 5.0197241372e-004
20.68000 5.2827431816e-004
20.69000 5.5591104946e-004
20.70000 5.8494604906e-004
20.71000 6.1544557787e-004
20.72000 6.4747887086e-004
20.73000 6.8111830478e-004
20.74000 7.1643957946e-004
20.75000 7.5352191321e-004
20.76000 7.9244825268e-004
20.77000 8.3330549740e-004
20.78000 8.7618473907e-004
20.79000 9.2118151545e-004
20.80000 9.6839607865e-004
20.81000 1.0179336774e-003
20.82000 1.0699048525e-003
20.83000 1.1244257452e-003
20.84000 1.1816184168e-003
20.85000 1.2416111789e-003
20.86000 1.3045389333e-003
20.87000 1.3705435196e-003
20.88000 1.4397740692e-003
20.89000 1.5123873646e-003
20.90000 1.5885482016e-003
20.91000 1.6684297539e-003
20.92000 1.7522139371e-003
20.93000 1.8400917710e-003
20.94000 1.9322637393e-003
20.95000 2.0289401437e-003
20.96000 2.1303414525e-003
20.97000 2.2366986407e-003
20.98000 2.3482535226e-003
20.99000 2.4652590739e-003
21.00000 2.5879797448e-003
21.01000 2.7166917615e-003
21.02000 2.8516834193e-003
21.03000 2.9932553650e-003
21.04000 3.1417208713e-003
21.05000 3.2974061053e-003
21.06000 3.4606503919e-003
21.07000 3.6318064764e-003
21.08000 3.8112407895e-003
21.09000 3.9993337186e-003
21.10000 4.1964798914e-003
21.11000 4.4030884770e-003
21.12000 4.6195835105e-003
21.13000 4.8464042495e-003
21.14000 5.0840055687e-003
21.15000 5.3328584010e-003
21.16000 5.5934502339e-003
21.17000 5.8662856693e-003
21.18000 6.1518870541e-003
21.19000 6.4507951916e-003
21.20000 6.7635701386e-003
21.21000 7.0907920972e-003
21.22000 7.4330624060e-003
21.23000 7.7910046340e-003
21.24000 8.1652657822e-003
21.25000 8.5565175920e-003
21.26000 8.9654579599e-003
21.27000 9.3928124558e-003
21.28000 9.8393359386e-003
21.29000 1.0305814261e-002
21.30000 1.0793066055e-002
21.31000 1.1301944580e-002
21.32000 1.1833339625e-002
21.33000 1.2388179438e-002
21.34000 1.2967432675e-002
21.35000 1.3572110331e-002
21.36000 1.4203267639e-002
21.37000 1.4862005912e-002
21.38000 1.5549474293e-002
21.39000 1.6266871391e-002
21.40000 1.7015446776e-002
21.41000 1.7796502297e-002
21.42000 1.8611393201e-002
21.43000 1.9461529021e-002
21.44000 2.0348374213e-002
21.45000 2.1273448505e-002
21.46000 2.2238326946e-002
21.47000 2.3244639630e-002
21.48000 2.4294071076e-002
21.49000 2.5388359256e-002
21.50000 2.6529294255e-002
21.51000 2.7718716563e-002
21.52000 2.8958515000e-002
21.53000 3.0250624284e-002
21.54000 3.1597022246e-002
21.55000 3.2999726724e-002
21.56000 3.4460792164e-002
21.57000 3.5982305948e-002
21.58000 3.7566384520e-002
21.59000 3.9215169326e-002
21.60000 4.0930822657e-002
21.61000 4.2715523436e-002
21.62000 4.4571463028e-002
21.63000 4.6500841132e-002
21.64000 4.8505861846e-002
21.65000 5.0588729959e-002
21.66000 5.2751647543e-002
21.67000 5.4996810919e-002
21.68000 5.7326408040e-002
21.69000 5.9742616338e-002
21.70000 6.2247601075e-002
21.71000 6.4843514198e-002
21.72000 6.7532493700e-002
21.73000 7.0316663465e-002
21.74000 7.3198133539e-002
21.75000 7.6179000761e-002
21.76000 7.9261349655e-002
21.77000 8.2447253466e-002
21.78000 8.5738775191e-002
21.79000 8.9137968453e-002
21.80000 9.2646878026e-002
21.81000 9.6267539831e-002
21.82000 1.0000198019e-001
21.83000 1.0385221414e-001
21.84000 1.0782024259e-001
21.85000 1.1190804816e-001
21.86000 1.1611758944e-001
21.87000 1.2045079361e-001
21.88000 1.2490954720e-001
21.89000 1.2949568489e-001
21.90000 1.3421097638e-001
21.91000 1.3905711112e-001
21.92000 1.4403568106e-001
21.93000 1.4914816152e-001
21.94000 1.5439589011e-001
21.95000 1.5978004412e-001
21.96000 1.6530161641e-001
21.97000 1.7096139018e-001
21.98000 1.7675991308e-001
21.99000 1.8269747079e-001
22.00000 1.8877406075e-001
22.01000 1.9498936647e-001
22.02000 2.0134273287e-001
22.03000 2.0783314330e-001
22.04000 2.1445919875e-001
22.05000 2.2121909978e-001
22.06000 2.2811063186e-001
22.07000 2.3513115442e-001
22.08000 2.4227759434e-001
22.09000 2.4954644409e-001
22.10000 2.5693376494e-001
22.11000 2.6443519550e-001
22.12000 2.7204596565e-001
22.13000 2.7976091596e-001
22.14000 2.8757452237e-001
22.15000 2.9548092598e-001
22.16000 3.0347396741e-001
22.17000 3.1154722541e-001
22.18000 3.1969405885e-001
22.19000 3.2790765151e-001
22.20000 3.3618105863e-001
22.21000 3.4450725451e-001
22.22000 3.5287918007e-001
22.23000 3.6128978935e-001
22.24000 3.6973209414e-001
22.25000 3.7819920573e-001
22.26000 3.8668437297e-001
22.27000 3.9518101587e-001
22.28000 4.0368275421e-001
22.29000 4.1218343066e-001
22.30000 4.2067712805e-001
22.31000 4.2915818076e-001
22.32000 4.3762118010e-001
22.33000 4.4606097408e-001
22.34000 4.5447266164e-001
22.35000 4.6285158207e-001
22.36000 4.7119330007e-001
22.37000 4.7949358714e-001
22.38000 4.8774840021e-001
22.39000 4.9595385821e-001
22.40000 5.0410621748e-001
22.41000 5.1220184689e-001
22.42000 5.2023720358e-001
22.43000 5.2820880993e-001
22.44000 5.3611323277e-001
22.45000 5.4394706526e-001
22.46000 5.5170691212e-001
22.47000 5.5938937875e-001
22.48000 5.6699106432e-001
22.49000 5.7450855948e-001
22.50000 5.8193844834e-001
22.51000 5.8927731510e-001
22.52000 5.9652175492e-001
22.53000 6.0366838891e-001
22.54000 6.1071388288e-001
22.55000 6.1765496930e-001
22.56000 6.2448847207e-001
22.57000 6.3121133331e-001
22.58000 6.3782064170e-001
22.59000 6.4431366147e-001
22.60000 6.5068786151e-001
22.61000 6.5694094368e-001
22.62000 6.6307086973e-001
22.63000 6.6907588620e-001
22.64000 6.7495454650e-001
22.65000 6.8070572982e-001
22.66000 6.8632865624e-001
22.67000 6.9182289778e-001
22.68000 6.9718838493e-001
22.69000 7.0242540873e-001
22.70000 7.0753461807e-001
22.71000 7.1251701241e-001
22.72000 7.1737392990e-001
22.73000 7.2210703137e-001
22.74000 7.2671828015e-001
22.75000 7.3120991841e-001
22.76000 7.3558444034e-001
22.77000 7.3984456265e-001
22.78000 7.4399319301e-001
22.79000 7.4803339688e-001
22.80000 7.5196836346e-001
22.81000 7.5580137117e-001
22.82000 7.5953575334e-001
22.83000 7.6317486457e-001
22.84000 7.6672204831e-001
22.85000 7.7018060612e-001
22.86000 7.7355376892e-001
22.87000 7.7684467080e-001
22.88000 7.8005632547e-001
22.89000 7.8319160572e-001
22.90000 7.8625322611e-001
22.91000 7.8924372884e-001
22.92000 7.9216547316e-001
22.93000 7.9502062800e-001
22.94000 7.9781116807e-001
22.95000 8.0053887320e-001
22.96000 8.0320533076e-001
22.97000 8.0581194113e-001
22.98000 8.0835992583e-001
22.99000 8.1085033819e-001
23.00000 8.1328407629e-001
23.01000 8.1566189775e-001
23.02000 8.1798443620e-001
23.03000 8.2025221900e-001
23.04000 8.2246568598e-001
23.05000 8.2462520866e-001
23.06000 8.2673110991e-001
23.07000 8.2878368342e-001
23.08000 8.3078321289e-001
23.09000 8.3272999042e-001
23.10000 8.3462433409e-001
23.11000 8.3646660418e-001
23.12000 8.3825721800e-001
23.13000 8.3999666302e-001
23.14000 8.4168550821e-001
23.15000 8.4332441339e-001
23.16000 8.4491413652e-001
23.17000 8.4645553882e-001
23.18000 8.4794958782e-001
23.19000 8.4939735821e-001
23.20000 8.5080003059e-001
23.21000 8.5215888820e-001
23.22000 8.5347531177e-001
23.23000 8.5475077257e-001
23.24000 8.5598682382e-001
23.25000 8.5718509067e-001
23.26000 8.5834725899e-001
23.27000 8.5947506307e-001
23.28000 8.6057027252e-001
23.29000 8.6163467861e-001
23.30000 8.6267008023e-001
23.31000 8.6367826970e-001
23.32000 8.6466101869e-001
23.33000 8.6562006443e-001
23.34000 8.6655709637e-001
23.35000 8.6747374355e-001
23.36000 8.6837156282e-001
23.37000 8.6925202798e-001
23.38000 8.7011652014e-001
23.39000 8.7096631923e-001
23.40000 8.7180259687e-001
23.41000 8.7262641067e-001
23.42000 8.7343869985e-001
23.43000 8.7424028253e-001
23.44000 8.7503185425e-001
23.45000 8.7581398822e-001
23.46000 8.7658713677e-001
23.47000 8.7735163437e-001
23.48000 8.7810770186e-001
23.49000 8.7885545199e-001
23.50000 8.7959489605e-001
23.51000 8.8032595164e-001
23.52000 8.8104845123e-001
23.53000 8.8176215164e-001
23.54000 8.8246674414e-001
23.55000 8.8316186505e-001
23.56000 8.8384710678e-001
23.57000 8.8452202903e-001
23.58000 8.8518617013e-001
23.59000 8.8583905833e-001
23.60000 8.8648022282e-001
23.61000 8.8710920452e-001
23.62000 8.8772556630e-001
23.63000 8.8832890263e-001
23.64000 8.8891884859e-001
23.65000 8.8949508801e-001
23.66000 8.9005736072e-001
23.67000 8.9060546885e-001
23.68000 8.9113928209e-001
23.69000 8.9165874185e-001
23.70000 8.9216386434e-001
23.71000 8.9265474248e-001
23.72000 8.9313154671e-001
23.73000 8.9359452470e-001
23.74000 8.9404399987e-001
23.75000 8.9448036901e-001
23.76000 8.9490409877e-001
23.77000 8.9531572131e-001
23.78000 8.9571582909e-001
23.79000 8.9610506884e-001
23.80000 8.9648413494e-001
23.81000 8.9685376216e-001
23.82000 8.9721471803e-001
23.83000 8.9756779473e-001
23.84000 8.9791380090e-001
23.85000 8.9825355315e-001
23.86000 8.9858786770e-001
23.87000 8.9891755198e-001
23.88000 8.9924339656e-001
23.89000 8.9956616722e-001
23.90000 8.9988659749e-001
23.91000 9.0020538168e-001
23.92000 9.0052316836e-001
23.93000 9.0084055454e-001
23.94000 9.0115808049e-001
23.95000 9.0147622527e-001
23.96000 9.0179540302e-001
23.97000 9.0211596012e-001
23.98000 9.0243817305e-001
23.99000 9.0276224717e-001
24.00000 9.0308831628e-001
24.01000 9.0341644301e-001
24.02000 9.0374662003e-001
24.03000 9.0407877203e-001
24.04000 9.0441275840e-001
24.05000 9.0474837669e-001
24.06000 9.0508536666e-001
24.07000 9.0542341492e-001
24.08000 9.0576216016e-001
24.09000 9.0610119882e-001
24.10000 9.0644009109e-001
24.11000 9.0677836735e-001
24.12000 9.0711553477e-001
24.13000 9.0745108410e-001
24.14000 9.0778449655e-001
24.15000 9.0811525064e-001
24.16000 9.0844282906e-001
24.17000 9.0876672529e-001
24.18000 9.0908645005e-001
24.19000 9.0940153740e-001
24.20000 9.0971155057e-001
24.21000 9.1001608729e-001
24.22000 9.1031478464e-001
24.23000 9.1060732341e-001
24.24000 9.1089343188e-001
24.25000 9.1117288895e-001
24.26000 9.1144552671e-001
24.27000 9.1171123227e-001
24.28000 9.1196994899e-001
24.29000 9.1222167696e-001
24.30000 9.1246647292e-001
24.31000 9.1270444942e-001
24.32000 9.1293577339e-001
24.33000 9.1316066409e-001
24.34000 9.1337939048e-001
24.35000 9.1359226804e-001
24.36000 9.1379965513e-001
24.37000 9.1400194882e-001
24.38000 9.1419958045e-001
24.39000 9.1439301074e-001
24.40000 9.1458272467e-001
24.41000 9.1476922620e-001
24.42000 9.1495303273e-001
24.43000 9.1513466957e-001
24.44000 9.1531466433e-001
24.45000 9.1549354138e-001
24.46000 9.1567181641e-001
24.47000 9.1584999111e-001
24.48000 9.1602854811e-001
24.49000 9.1620794618e-001
24.50000 9.1638861569e-001
24.51000 9.1657095452e-001
24.52000 9.1675532430e-001
24.53000 9.1694204706e-001
24.54000 9.1713140246e-001
24.55000 9.1732362531e-001
24.56000 9.1751890383e-001
24.57000 9.1771737817e-001
24.58000 9.1791913970e-001
24.59000 9.1812423060e-001
24.60000 9.1833264413e-001
24.61000 9.1854432535e-001
24.62000 9.1875917233e-001
24.63000 9.1897703782e-001
24.64000 9.1919773145e-001
24.65000 9.1942102227e-001
24.66000 9.1964664174e-001
24.67000 9.1987428704e-001
24.68000 9.2010362474e-001
24.69000 9.2033429475e-001
24.70000 9.2056591442e-001
24.71000 9.2079808298e-001
24.72000 9.2103038596e-001
24.73000 9.2126239986e-001
24.74000 9.2149369672e-001
24.75000 9.2172384881e-001
24.76000 9.2195243321e-001
24.77000 9.2217903627e-001
24.78000 9.2240325800e-001
24.79000 9.2262471621e-001
24.80000 9.2284305045e-001
24.81000 9.2305792567e-001
24.82000 9.2326903561e-001
24.83000 9.2347610581e-001
24.84000 9.2367889629e-001
24.85000 9.2387720384e-001
24.86000 9.2407086390e-001
24.87000 9.2425975203e-001
24.88000 9.2444378491e-001
24.89000 9.2462292099e-001
24.90000 9.2479716060e-001
24.91000 9.2496654568e-001
24.92000 9.2513115909e-001
24.93000 9.2529112351e-001
24.94000 9.2544659987e-001
24.95000 9.2559778551e-001
24.96000 9.2574491193e-001
24.97000 9.2588824220e-001
24.98000 9.2602806811e-001
24.99000 9.2616470705e-001
25.00000 9.2629849863e-001
25.01000 9.2642980118e-001
25.02000 9.2655898805e-001
25.03000 9.2668644377e-001
25.04000 9.2681256022e-001
25.05000 9.2693773269e-001
25.06000 9.2706235600e-001
25.07000 9.2718682063e-001
25.08000 9.2731150898e-001
25.09000 9.2743679167e-001
25.10000 9.2756302408e-001
25.11000 9.2769054305e-001
25.12000 9.2781966374e-001
25.13000 9.2795067684e-001
25.14000 9.2808384593e-001
25.15000 9.2821940524e-001
25.16000 9.2835755764e-001
25.17000 9.2849847299e-001
25.18000 9.2864228683e-001
25.19000 9.2878909936e-001
25.20000 9.2893897488e-001
25.21000 9.2909194145e-001
25.22000 9.2924799099e-001
25.23000 9.2940707971e-001
25.24000 9.2956912885e-001
25.25000 9.2973402577e-001
25.26000 9.2990162536e-001
25.27000 9.3007175170e-001
25.28000 9.3024420008e-001
25.29000 9.3041873917e-001
25.30000 9.3059511355e-001
25.31000 9.3077304631e-001
25.32000 9.3095224195e-001
25.33000 9.3113238935e-001
25.34000 9.3131316492e-001
25.35000 9.3149423578e-001
25.36000 9.3167526305e-001
25.37000 9.3185590517e-001
25.38000 9.3203582117e-001
25.39000 9.3221467396e-001
25.40000 9.3239213352e-001
25.41000 9.3256788000e-001
25.42000 9.3274160675e-001
25.43000 9.3291302307e-001
25.44000 9.3308185697e-001
25.45000 9.3324785757e-001
25.46000 9.3341079734e-001
25.47000 9.3357047413e-001
25.48000 9.3372671291e-001
25.49000 9.3387936721e-001
25.50000 9.3402832035e-001
25.51000 9.3417348632e-001
25.52000 9.3431481042e-001
25.53000 9.3445226949e-001
25.54000 9.3458587201e-001
25.55000 9.3471565772e-001
25.56000 9.3484169712e-001
25.57000 9.3496409056e-001
25.58000 9.3508296710e-001
25.59000 9.3519848315e-001
25.60000 9.3531082082e-001
25.61000 9.3542018609e-001
25.62000 9.3552680668e-001
25.63000 9.3563092989e-001
25.64000 9.3573282016e-001
25.65000 9.3583275653e-001
25.66000 9.3593103000e-001
25.67000 9.3602794079e-001
25.68000 9.3612379556e-001
25.69000 9.3621890458e-001
25.70000 9.3631357890e-001
25.71000 9.3640812754e-001
25.72000 9.3650285472e-001
25.73000 9.3659805717e-001
25.74000 9.3669402155e-001
25.75000 9.3679102190e-001
25.76000 9.3688931737e-001
25.77000 9.3698914996e-001
25.78000 9.3709074253e-001
25.79000 9.3719429696e-001
25.80000 9.3729999253e-001
25.81000 9.3740798449e-001
25.82000 9.3751840292e-001
25.83000 9.3763135171e-001
25.84000 9.3774690793e-001
25.85000 9.3786512127e-001
25.86000 9.3798601391e-001
25.87000 9.3810958049e-001
25.88000 9.3823578839e-001
25.89000 9.3836457822e-001
25.90000 9.3849586459e-001
25.91000 9.3862953703e-001
25.92000 9.3876546118e-001
25.93000 9.3890348013e-001
25.94000 9.3904341602e-001
25.95000 9.3918507172e-001
25.96000 9.3932823276e-001
25.97000 9.3947266930e-001
25.98000 9.3961813828e-001
25.99000 9.3976438568e-001
26.00000 9.3991114880e-001
26.01000 9.4005815865e-001
26.02000 9.4020514235e-001
26.03000 9.4035182556e-001
26.04000 9.4049793491e-001
26.05000 9.4064320035e-001
26.06000 9.4078735755e-001
26.07000 9.4093015014e-001
26.08000 9.4107133191e-001
26.09000 9.4121066892e-001
26.10000 9.4134794141e-001
26.11000 9.4148294570e-001
26.12000 9.4161549579e-001
26.13000 9.4174542492e-001
26.14000 9.4187258689e-001
26.15000 9.4199685716e-001
26.16000 9.4211813385e-001
26.17000 9.4223633844e-001
26.18000 9.4235141634e-001
26.19000 9.4246333716e-001
26.20000 9.4257209487e-001
26.21000 9.4267770767e-001
26.22000 9.4278021770e-001
26.23000 9.4287969050e-001
26.24000 9.4297621435e-001
26.25000 9.4306989931e-001
26.26000 9.4316087619e-001
26.27000 9.4324929528e-001
26.28000 9.4333532497e-001
26.29000 9.4341915018e-001
26.30000 9.4350097070e-001
26.31000 9.4358099939e-001
26.32000 9.4365946033e-001
26.33000 9.4373658683e-001
26.34000 9.4381261942e-001
26.35000 9.4388780379e-001
26.36000 9.4396238869e-001
26.37000 9.4403662383e-001
26.38000 9.4411075780e-001
26.39000 9.4418503600e-001
26.40000 9.4425969864e-001
26.41000 9.4433497873e-001
26.42000 9.4441110028e-001
26.43000 9.4448827644e-001
26.44000 9.4456670786e-001
26.45000 9.4464658109e-001
26.46000 9.4472806715e-001
26.47000 9.4481132028e-001
26.48000 9.4489647671e-001
26.49000 9.4498365372e-001
26.50000 9.4507294883e-001
26.51000 9.4516443907e-001
26.52000 9.4525818057e-001
26.53000 9.4535420822e-001
26.54000 9.4545253553e-001
26.55000 9.4555315466e-001
26.56000 9.4565603666e-001
26.57000 9.4576113186e-001
26.58000 9.4586837038e-001
26.59000 9.4597766288e-001
26.60000 9.4608890141e-001
26.61000 9.4620196041e-001
26.62000 9.4631669786e-001
26.63000 9.4643295655e-001
26.64000 9.4655056546e-001
26.65000 9.4666934124e-001
26.66000 9.4678908979e-001
26.67000 9.4690960792e-001
26.68000 9.4703068502e-001
26.69000 9.4715210488e-001
26.70000 9.4727364742e-001
26.71000 9.4739509055e-001
26.72000 9.4751621195e-001
26.73000 9.4763679091e-001
26.74000 9.4775661007e-001
26.75000 9.4787545720e-001
26.76000 9.4799312683e-001
26.77000 9.4810942196e-001
26.78000 9.4822415550e-001
26.79000 9.4833715180e-001
26.80000 9.4844824796e-001
26.81000 9.4855729509e-001
26.82000 9.4866415939e-001
26.83000 9.4876872319e-001
26.84000 9.4887088575e-001
26.85000 9.4897056402e-001
26.86000 9.4906769315e-001
26.87000 9.4916222694e-001
26.88000 9.4925413809e-001
26.89000 9.4934341833e-001
26.90000 9.4943007831e-001
26.91000 9.4951414747e-001
26.92000 9.4959567369e-001
26.93000 9.4967472275e-001
26.94000 9.4975137777e-001
26.95000 9.4982573840e-001
26.96000 9.4989791996e-001
26.97000 9.4996805242e-001
26.98000 9.5003627931e-001
26.99000 9.5010275648e-001
27.00000 9.5016765084e-001
27.01000 9.5023113895e-001
27.02000 9.5029340560e-001
27.03000 9.5035464231e-001
27.04000 9.5041504579e-001
27.05000 9.5047481637e-001
27.06000 9.5053415647e-001
27.07000 9.5059326892e-001
27.08000 9.5065235548e-001
27.09000 9.5071161525e-001
27.10000 9.5077124311e-001
27.11000 9.5083142832e-001
27.12000 9.5089235302e-001
27.13000 9.5095419093e-001
27.14000 9.5101710605e-001
27.15000 9.5108125144e-001
27.16000 9.5114676817e-001
27.17000 9.5121378426e-001
27.18000 9.5128241383e-001
27.19000 9.5135275630e-001
27.20000 9.5142489569e-001
27.21000 9.5149890017e-001
27.22000 9.5157482154e-001
27.23000 9.5165269502e-001
27.24000 9.5173253904e-001
27.25000 9.5181435523e-001
27.26000 9.5189812852e-001
27.27000 9.5198382733e-001
27.28000 9.5207140397e-001
27.29000 9.5216079506e-001
27.30000 9.5225192211e-001
27.31000 9.5234469224e-001
27.32000 9.5243899895e-001
27.33000 9.5253472304e-001
27.34000 9.5263173353e-001
27.35000 9.5272988880e-001
27.36000 9.5282903768e-001
27.37000 9.5292902068e-001
27.38000 9.5302967121e-001
27.39000 9.5313081692e-001
27.40000 9.5323228100e-001
27.41000 9.5333388358e-001
27.42000 9.5343544309e-001
27.43000 9.5353677763e-001
27.44000 9.5363770635e-001
27.45000 9.5373805082e-001
27.46000 9.5383763635e-001
27.47000 9.5393629329e-001
27.48000 9.5403385826e-001
27.49000 9.5413017537e-001
27.50000 9.5422509735e-001
27.51000 9.5431848658e-001
27.52000 9.5441021608e-001
27.53000 9.5450017044e-001
27.54000 9.5458824657e-001
27.55000 9.5467435443e-001
27.56000 9.5475841763e-001
27.57000 9.5484037392e-001
27.58000 9.5492017559e-001
27.59000 9.5499778972e-001
27.60000 9.5507319839e-001
27.61000 9.5514639867e-001
27.62000 9.5521740263e-001
27.63000 9.5528623710e-001
27.64000 9.5535294345e-001
27.65000 9.5541757715e-001
27.66000 9.5548020733e-001
27.67000 9.5554091618e-001
27.68000 9.5559979823e-001
27.69000 9.5565695965e-001
27.70000 9.5571251739e-001
27.71000 9.5576659822e-001
27.72000 9.5581933778e-001
27.73000 9.5587087955e-001
27.74000 9.5592137372e-001
27.75000 9.5597097609e-001
27.76000 9.5601984688e-001
27.77000 9.5606814957e-001
27.78000 9.5611604964e-001
27.79000 9.5616371342e-001
27.80000 9.5621130683e-001
27.81000 9.5625899423e-001
27.82000 9.5630693720e-001
27.83000 9.5635529340e-001
27.84000 9.5640421548e-001
27.85000 9.5645384999e-001
27.86000 9.5650433637e-001
27.87000 9.5655580599e-001
27.88000 9.5660838125e-001
27.89000 9.5666217477e-001
27.90000 9.5671728863e-001
27.91000 9.5677381372e-001
27.92000 9.5683182913e-001
27.93000 9.5689140168e-001
27.94000 9.5695258552e-001
27.95000 9.5701542178e-001
27.96000 9.5707993842e-001
27.97000 9.5714615004e-001
27.98000 9.5721405792e-001
27.99000 9.5728365003e-001
28.00000 9.5735490125e-001
28.01000 9.5742777358e-001
28.02000 9.5750221650e-001
28.03000 9.5757816742e-001
28.04000 9.5765555219e-001
28.05000 9.5773428564e-001
28.06000 9.5781427234e-001
28.07000 9.5789540724e-001
28.08000 9.5797757655e-001
28.09000 9.5806065852e-001
28.10000 9.5814452442e-001
28.11000 9.5822903941e-001
28.12000 9.5831406362e-001
28.13000 9.5839945307e-001
28.14000 9.5848506078e-001
28.15000 9.5857073779e-001
28.16000 9.5865633424e-001
28.17000 9.5874170042e-001
28.18000 9.5882668782e-001
28.19000 9.5891115018e-001
28.20000 9.5899494451e-001
28.21000 9.5907793209e-001
28.22000 9.5915997938e-001
28.23000 9.5924095898e-001
28.24000 9.5932075047e-001
28.25000 9.5939924122e-001
28.26000 9.5947632715e-001
28.27000 9.5955191340e-001
28.28000 9.5962591496e-001
28.29000 9.5969825722e-001
28.30000 9.5976887641e-001
28.31000 9.5983772002e-001
28.32000 9.5990474709e-001
28.33000 9.5996992846e-001
28.34000 9.6003324689e-001
28.35000 9.6009469711e-001
28.36000 9.6015428583e-001
28.37000 9.6021203160e-001
28.38000 9.6026796465e-001
28.39000 9.6032212659e-001
28.40000 9.6037457007e-001
28.41000 9.6042535840e-001
28.42000 9.6047456498e-001
28.43000 9.6052227282e-001
28.44000 9.6056857387e-001
28.45000 9.6061356835e-001
28.46000 9.6065736403e-001
28.47000 9.6070007544e-001
28.48000 9.6074182305e-001
28.49000 9.6078273244e-001
28.50000 9.6082293337e-001
28.51000 9.6086255890e-001
28.52000 9.6090174446e-001
28.53000 9.6094062693e-001
28.54000 9.6097934367e-001
28.55000 9.6101803161e-001
28.56000 9.6105682632e-001
28.57000 9.6109586109e-001
28.58000 9.6113526606e-001
28.59000 9.6117516734e-001
28.60000 9.6121568617e-001
28.61000 9.6125693818e-001
28.62000 9.6129903256e-001
28.63000 9.6134207146e-001
28.64000 9.6138614927e-001
28.65000 9.6143135204e-001
28.66000 9.6147775697e-001
28.67000 9.6152543195e-001
28.68000 9.6157443510e-001
28.69000 9.6162481450e-001
28.70000 9.6167660791e-001
28.71000 9.6172984254e-001
28.72000 9.6178453496e-001
28.73000 9.6184069102e-001
28.74000 9.6189830593e-001
28.75000 9.6195736427e-001
28.76000 9.6201784021e-001
28.77000 9.6207969771e-001
28.78000 9.6214289083e-001
28.79000 9.6220736409e-001
28.80000 9.6227305287e-001
28.81000 9.6233988392e-001
28.82000 9.6240777586e-001
28.83000 9.6247663981e-001
28.84000 9.6254637997e-001
28.85000 9.6261689430e-001
28.86000 9.6268807528e-001
28.87000 9.6275981061e-001
28.88000 9.6283198395e-001
28.89000 9.6290447579e-001
28.90000 9.6297716420e-001
28.91000 9.6304992566e-001
28.92000 9.6312263591e-001
28.93000 9.6319517075e-001
28.94000 9.6326740687e-001
28.95000 9.6333922266e-001
28.96000 9.6341049901e-001
28.97000 9.6348112008e-001
28.98000 9.6355097406e-001
28.99000 9.6361995385e-001
29.00000 9.6368795781e-001
29.01000 9.6375489033e-001
29.02000 9.6382066249e-001
29.03000 9.6388519257e-001
29.04000 9.6394840658e-001
29.05000 9.6401023870e-001
29.06000 9.6407063166e-001
29.07000 9.6412953709e-001
29.08000 9.6418691581e-001
29.09000 9.6424273799e-001
29.10000 9.6429698336e-001
29.11000 9.6434964125e-001
29.12000 9.6440071065e-001
29.13000 9.6445020013e-001
29.14000 9.6449812778e-001
29.15000 9.6454452101e-001
29.16000 9.6458941636e-001
29.17000 9.6463285919e-001
29.18000 9.6467490335e-001
29.19000 9.6471561079e-001
29.20000 9.6475505113e-001
29.21000 9.6479330117e-001
29.22000 9.6483044432e-001
29.23000 9.6486657010e-001
29.24000 9.6490177347e-001
29.25000 9.6493615421e-001
29.26000 9.6496981627e-001
29.27000 9.6500286706e-001
29.28000 9.6503541677e-001
29.29000 9.6506757762e-001
29.30000 9.6509946313e-001
29.31000 9.6513118744e-001
29.32000 9.6516286449e-001
29.33000 9.6519460739e-001
29.34000 9.6522652763e-001
29.35000 9.6525873441e-001
29.36000 9.6529133394e-001
29.37000 9.6532442883e-001
29.38000 9.6535811738e-001
29.39000 9.6539249303e-001
29.40000 9.6542764381e-001
29.41000 9.6546365175e-001
29.42000 9.6550059243e-001
29.43000 9.6553853456e-001
29.44000 9.6557753951e-001
29.45000 9.6561766104e-001
29.46000 9.6565894496e-001
29.47000 9.6570142887e-001
29.48000 9.6574514200e-001
29.49000 9.6579010506e-001
29.50000 9.6583633013e-001
29.51000 9.6588382065e-001
29.52000 9.6593257145e-001
29.53000 9.6598256882e-001
29.54000 9.6603379061e-001
29.55000 9.6608620647e-001
29.56000 9.6613977803e-001
29.57000 9.6619445921e-001
29.58000 9.6625019653e-001
29.59000 9.6630692952e-001
29.60000 9.6636459106e-001
29.61000 9.6642310792e-001
29.62000 9.6648240119e-001
29.63000 9.6654238682e-001
29.64000 9.6660297616e-001
29.65000 9.6666407655e-001
29.66000 9.6672559194e-001
29.67000 9.6678742344e-001
29.68000 9.6684947001e-001
29.69000 9.6691162908e-001
29.70000 9.6697379720e-001
29.71000 9.6703587069e-001
29.72000 9.6709774627e-001
29.73000 9.6715932173e-001
29.74000 9.6722049653e-001
29.75000 9.6728117246e-001
29.76000 9.6734125419e-001
29.77000 9.6740064989e-001
29.78000 9.6745927175e-001
29.79000 9.6751703653e-001
29.80000 9.6757386606e-001
29.81000 9.6762968768e-001
29.82000 9.6768443467e-001
29.83000 9.6773804666e-001
29.84000 9.6779046992e-001
29.85000 9.6784165775e-001
29.86000 9.6789157063e-001
29.87000 9.6794017653e-001
29.88000 9.6798745099e-001
29.89000 9.6803337729e-001
29.90000 9.6807794652e-001
29.91000 9.6812115756e-001
29.92000 9.6816301707e-001
29.93000 9.6820353942e-001
29.94000 9.6824274658e-001
29.95000 9.6828066790e-001
29.96000 9.6831733996e-001
29.97000 9.6835280626e-001
29.98000 9.6838711696e-001
29.99000 9.6842032851e-001
