0.00000 9.7820054141e-041
0.01000 1.0429418733e-028
0.02000 2.2241022073e-028
0.03000 3.5574859218e-028
0.04000 5.0583838158e-028
0.05000 6.7434854021e-028
0.06000 8.6310014302e-028
0.07000 1.0740796923e-027
0.08000 1.3094535621e-027
0.09000 1.5715836806e-027
0.10000 1.8630445551e-027
0.11000 2.1866417551e-027
0.12000 2.5454319763e-027
0.13000 2.9427448198e-027
0.14000 3.3822064343e-027
0.15000 3.8677651770e-027
0.16000 4.4037194675e-027
0.17000 4.9947480193e-027
0.18000 5.6459426522e-027
0.19000 6.3628439053e-027
0.20000 7.1514796883e-027
0.21000 8.0184072297e-027
0.22000 8.9707586040e-027
0.23000 1.0016290140e-026
0.24000 1.1163436045e-026
0.25000 1.2421366595e-026
0.26000 1.3800051299e-026
0.27000 1.5310327433e-026
0.28000 1.6963974426e-026
0.29000 1.8773794594e-026
0.30000 2.0753700745e-026
0.31000 2.2918811260e-026
0.32000 2.5285553291e-026
0.33000 2.7871774747e-026
0.34000 3.0696865843e-026
0.35000 3.3781891014e-026
0.36000 3.7149732090e-026
0.37000 4.0825243690e-026
0.38000 4.4835421878e-026
0.39000 4.9209587224e-026
0.40000 5.3979583504e-026
0.41000 5.9179993370e-026
0.42000 6.4848372454e-026
0.43000 7.1025503483e-026
0.44000 7.7755672132e-026
0.45000 8.5086966461e-026
0.46000 9.3071601991e-026
0.47000 1.0176627459e-025
0.48000 1.1123254362e-025
0.49000 1.2153724782e-025
0.50000 1.3275295697e-025
0.51000 1.4495846215e-025
0.52000 1.5823930811e-025
0.53000 1.7268837136e-025
0.54000 1.8840648783e-025
0.55000 2.0550313451e-025
0.56000 2.2409716957e-025
0.57000 2.4431763627e-025
0.58000 2.6630463586e-025
0.59000 2.9021027575e-025
0.60000 3.1619969921e-025
0.61000 3.4445220391e-025
0.62000 3.7516245677e-025
0.63000 4.0854181367e-025
0.64000 4.4481975302e-025
0.65000 4.8424543312e-025
0.66000 5.2708938406e-025
0.67000 5.7364534590e-025
0.68000 6.2423226582e-025
0.69000 6.7919646815e-025
0.70000 7.3891401228e-025
0.71000 8.0379325488e-025
0.72000 8.7427763429e-025
0.73000 9.5084869645e-025
0.74000 1.0340293835e-024
0.75000 1.1243876080e-024
0.76000 1.2225401377e-024
0.77000 1.3291568184e-024
0.78000 1.4449651639e-024
0.79000 1.5707553461e-024
0.80000 1.7073856191e-024
0.81000 1.8557882170e-024
0.82000 2.0169757653e-024
0.83000 2.1920482529e-024
0.84000 2.3822006122e-024
0.85000 2.5887309617e-024
0.86000 2.8130495699e-024
0.87000 3.0566886030e-024
0.88000 3.3213127264e-024
0.89000 3.6087306344e-024
0.90000 3.9209075908e-024
0.91000 4.2599790698e-024
0.92000 4.6282655933e-024
0.93000 5.0282888714e-024
0.94000 5.4627893610e-024
0.95000 5.9347453678e-024
0.96000 6.4473938290e-024
0.97000 7.0042529239e-024
0.98000 7.6091466770e-024
0.99000 8.2662317276e-024
1.00000 8.9800264592e-024
1.01000 9.7554426987e-024
1.02000 1.0597820212e-023
1.03000 1.1512964244e-023
1.04000 1.2507186379e-023
1.05000 1.3587349004e-023
1.06000 1.4760913709e-023
1.07000 1.6035993969e-023
1.08000 1.7421412480e-023
1.09000 1.8926763577e-023
1.10000 2.0562481181e-023
1.11000 2.2339912757e-023
1.12000 2.4271399834e-023
1.13000 2.6370365658e-023
1.14000 2.8651410624e-023
1.15000 3.1130416165e-023
1.16000 3.3824657866e-023
1.17000 3.6752928616e-023
1.18000 3.9935672686e-023
1.19000 4.3395131724e-023
1.20000 4.7155503704e-023
1.21000 5.1243115998e-023
1.22000 5.5686613828e-023
1.23000 6.0517165447e-023
1.24000 6.5768685564e-023
1.25000 7.1478078614e-023
1.26000 7.7685503646e-023
1.27000 8.4434662745e-023
1.28000 9.1773115080e-023
1.29000 9.9752618859e-023
1.30000 1.0842950365e-022
1.31000 1.1786507576e-022
1.32000 1.2812605968e-022
1.33000 1.3928507859e-022
1.34000 1.5142117766e-022
1.35000 1.6462039364e-022
1.36000 1.7897637512e-022
1.37000 1.9459105764e-022
1.38000 2.1157539873e-022
1.39000 2.3005017800e-022
1.40000 2.5014686809e-022
1.41000 2.7200858270e-022
1.42000 2.9579110837e-022
1.43000 3.2166402757e-022
1.44000 3.4981194078e-022
1.45000 3.8043579659e-022
1.46000 4.1375433889e-022
1.47000 4.5000568160e-022
1.48000 4.8944902199e-022
1.49000 5.3236650458e-022
1.50000 5.7906524867e-022
1.51000 6.2987955382e-022
1.52000 6.8517329846e-022
1.53000 7.4534254837e-022
1.54000 8.1081839325e-022
1.55000 8.8207003058e-022
1.56000 9.5960811846e-022
1.57000 1.0439884201e-021
1.58000 1.1358157646e-021
1.59000 1.2357483521e-021
1.60000 1.3445024305e-021
1.61000 1.4628573775e-021
1.62000 1.5916612203e-021
1.63000 1.7318366312e-021
1.64000 1.8843874376e-021
1.65000 2.0504056914e-021
1.66000 2.2310793426e-021
1.67000 2.4277005681e-021
1.68000 2.6416748108e-021
1.69000 2.8745305867e-021
1.70000 3.1279301229e-021
1.71000 3.4036808972e-021
1.72000 3.7037481493e-021
1.73000 4.0302684468e-021
1.74000 4.3855643886e-021
1.75000 4.7721605396e-021
1.76000 5.1928006957e-021
1.77000 5.6504665858e-021
1.78000 6.1483981259e-021
1.79000 6.6901153499e-021
1.80000 7.2794421494e-021
1.81000 7.9205319665e-021
1.82000 8.6178955942e-021
1.83000 9.3764312485e-021
1.84000 1.0201457093e-020
1.85000 1.1098746403e-020
1.86000 1.2074565581e-020
1.87000 1.3135715238e-020
1.88000 1.4289574581e-020
1.89000 1.5544149360e-020
1.90000 1.6908123651e-020
1.91000 1.8390915761e-020
1.92000 2.0002738577e-020
1.93000 2.1754664689e-020
1.94000 2.3658696662e-020
1.95000 2.5727842828e-020
1.96000 2.7976199028e-020
1.97000 3.0419036746e-020
1.98000 3.3072898117e-020
1.99000 3.5955698318e-020
2.00000 3.9086835905e-020
2.01000 4.2487311673e-020
2.02000 4.6179856693e-020
2.03000 5.0189070192e-020
2.04000 5.4541568017e-020
2.05000 5.9266142466e-020
2.06000 6.4393934340e-020
2.07000 6.9958618100e-020
2.08000 7.5996601132e-020
2.09000 8.2547238144e-020
2.10000 8.9653061831e-020
2.11000 9.7360031015e-020
2.12000 1.0571779756e-019
2.13000 1.1477999346e-019
2.14000 1.2460453960e-019
2.15000 1.3525397784e-019
2.16000 1.4679582810e-019
2.17000 1.5930297240e-019
2.18000 1.7285406781e-019
2.19000 1.8753399056e-019
2.20000 2.0343431355e-019
2.21000 2.2065381993e-019
2.22000 2.3929905534e-019
2.23000 2.5948492185e-019
2.24000 2.8133531673e-019
2.25000 3.0498381943e-019
2.26000 3.3057443057e-019
2.27000 3.5826236685e-019
2.28000 3.8821491610e-019
2.29000 4.2061235737e-019
2.30000 4.5564895068e-019
2.31000 4.9353400228e-019
2.32000 5.3449301086e-019
2.33000 5.7876890128e-019
2.34000 6.2662335254e-019
2.35000 6.7833822730e-019
2.36000 7.3421711100e-019
2.37000 7.9458696906e-019
2.38000 8.5979993153e-019
2.39000 9.3023521504e-019
2.40000 1.0063011931e-018
2.41000 1.0884376262e-018
2.42000 1.1771180646e-018
2.43000 1.2728524368e-018
2.44000 1.3761898401e-018
2.45000 1.4877215460e-018
2.46000 1.6080842418e-018
2.47000 1.7379635235e-018
2.48000 1.8780976612e-018
2.49000 2.0292816598e-018
2.50000 2.1923716369e-018
2.51000 2.3682895439e-018
2.52000 2.5580282571e-018
2.53000 2.7626570702e-018
2.54000 2.9833276166e-018
2.55000 3.2212802605e-018
2.56000 3.4778509896e-018
2.57000 3.7544788530e-018
2.58000 4.0527139863e-018
2.59000 4.3742262710e-018
2.60000 4.7208146789e-018
2.61000 5.0944173572e-018
2.62000 5.4971225126e-018
2.63000 5.9311801583e-018
2.64000 6.3990147942e-018
2.65000 6.9032390938e-018
2.66000 7.4466686790e-018
2.67000 8.0323380698e-018
2.68000 8.6635179036e-018
2.69000 9.3437335240e-018
2.70000 1.0076785051e-017
2.71000 1.0866769051e-017
2.72000 1.1718101931e-017
2.73000 1.2635545198e-017
2.74000 1.3624232739e-017
2.75000 1.4689700264e-017
2.76000 1.5837917111e-017
2.77000 1.7075320577e-017
2.78000 1.8408852992e-017
2.79000 1.9846001750e-017
2.80000 2.1394842530e-017
2.81000 2.3064085964e-017
2.82000 2.4863128028e-017
2.83000 2.6802104442e-017
2.84000 2.8891949405e-017
2.85000 3.1144459012e-017
2.86000 3.3572359707e-017
2.87000 3.6189382189e-017
2.88000 3.9010341185e-017
2.89000 4.2051221560e-017
2.90000 4.5329271258e-017
2.91000 4.8863101613e-017
2.92000 5.2672795600e-017
2.93000 5.6780024649e-017
2.94000 6.1208174689e-017
2.95000 6.5982482142e-017
2.96000 7.1130180626e-017
2.97000 7.6680659206e-017
2.98000 8.2665633079e-017
2.99000 8.9119327644e-017
3.00000 9.6078676990e-017
3.01000 1.0358353789e-016
3.02000 1.1167692049e-016
3.03000 1.2040523699e-016
3.04000 1.2981856955e-016
3.05000 1.3997095910e-016
3.06000 1.5092071637e-016
3.07000 1.6273075697e-016
3.08000 1.7546896224e-016
3.09000 1.8920856780e-016
3.10000 2.0402858182e-016
3.11000 2.2001423529e-016
3.12000 2.3725746642e-016
3.13000 2.5585744198e-016
3.14000 2.7592111788e-016
3.15000 2.9756384217e-016
3.16000 3.2091000326e-016
3.17000 3.4609372680e-016
3.18000 3.7325962444e-016
3.19000 4.0256359839e-016
3.20000 4.3417370560e-016
3.21000 4.6827108572e-016
3.22000 5.0505095734e-016
3.23000 5.4472368731e-016
3.24000 5.8751593807e-016
3.25000 6.3367189846e-016
3.26000 6.8345460378e-016
3.27000 7.3714735105e-016
3.28000 7.9505521606e-016
3.29000 8.5750667910e-016
3.30000 9.2485536669e-016
3.31000 9.9748191708e-016
3.32000 1.0757959779e-015
3.33000 1.1602383446e-015
3.34000 1.2512832494e-015
3.35000 1.3494408107e-015
3.36000 1.4552596527e-015
3.37000 1.5693297083e-015
3.38000 1.6922852158e-015
3.39000 1.8248079228e-015
3.40000 1.9676305110e-015
3.41000 2.1215402567e-015
3.42000 2.2873829421e-015
3.43000 2.4660670346e-015
3.44000 2.6585681505e-015
3.45000 2.8659338246e-015
3.46000 3.0892886029e-015
3.47000 3.3298394822e-015
3.48000 3.5888817188e-015
3.49000 3.8678050316e-015
3.50000 4.1681002254e-015
3.51000 4.4913662634e-015
3.52000 4.8393178199e-015
3.53000 5.2137933438e-015
3.54000 5.6167636715e-015
3.55000 6.0503412227e-015
3.56000 6.5167898235e-015
3.57000 7.0185351979e-015
3.58000 7.5581761745e-015
3.59000 8.1384966604e-015
3.60000 8.7624784346e-015
3.61000 9.4333148202e-015
3.62000 1.0154425297e-014
3.63000 1.0929471123e-014
3.64000 1.1762372039e-014
3.65000 1.2657324124e-014
3.66000 1.3618818908e-014
3.67000 1.4651663802e-014
3.68000 1.5761003974e-014
3.69000 1.6952345750e-014
3.70000 1.8231581665e-014
3.71000 1.9605017292e-014
3.72000 2.1079399965e-014
3.73000 2.2661949539e-014
3.74000 2.4360391356e-014
3.75000 2.6182991550e-014
3.76000 2.8138594896e-014
3.77000 3.0236665372e-014
3.78000 3.2487329635e-014
3.79000 3.4901423647e-014
3.80000 3.7490542663e-014
3.81000 4.0267094847e-014
3.82000 4.3244358777e-014
3.83000 4.6436545135e-014
3.84000 4.9858862889e-014
3.85000 5.3527590302e-014
3.86000 5.7460151129e-014
3.87000 6.1675196383e-014
3.88000 6.6192692093e-014
3.89000 7.1034013483e-014
3.90000 7.6222046061e-014
3.91000 8.1781294126e-014
3.92000 8.7737997236e-014
3.93000 9.4120255230e-014
3.94000 1.0095816243e-013
3.95000 1.0828395173e-013
3.96000 1.1613214921e-013
3.97000 1.2453974016e-013
3.98000 1.3354634730e-013
3.99000 1.4319442207e-013
4.00000 1.5352944995e-013
4.01000 1.6460017083e-013
4.02000 1.7645881566e-013
4.03000 1.8916136023e-013
4.04000 2.0276779776e-013
4.05000 2.1734243121e-013
4.06000 2.3295418717e-013
4.07000 2.4967695246e-013
4.08000 2.6758993545e-013
4.09000 2.8677805354e-013
4.10000 3.0733234891e-013
4.11000 3.2935043440e-013
4.12000 3.5293697176e-013
4.13000 3.7820418444e-013
4.14000 4.0527240741e-013
4.15000 4.3427067668e-013
4.16000 4.6533736110e-013
4.17000 4.9862083955e-013
4.18000 5.3428022662e-013
4.19000 5.7248615001e-013
4.20000 6.1342158333e-013
4.21000 6.5728273809e-013
4.22000 7.0428001866e-013
4.23000 7.5463904481e-013
4.24000 8.0860174605e-013
4.25000 8.6642753273e-013
4.26000 9.2839454895e-013
4.27000 9.9480101270e-013
4.28000 1.0659666489e-012
4.29000 1.1422342214e-012
4.30000 1.2239711705e-012
4.31000 1.3115713623e-012
4.32000 1.4054569581e-012
4.33000 1.5060804098e-012
4.34000 1.6139265909e-012
4.35000 1.7295150706e-012
4.36000 1.8534025404e-012
4.37000 1.9861854019e-012
4.38000 2.1285025272e-012
4.39000 2.2810382003e-012
4.40000 2.4445252523e-012
4.41000 2.6197484016e-012
4.42000 2.8075478101e-012
4.43000 3.0088228706e-012
4.44000 3.2245362370e-012
4.45000 3.4557181125e-012
4.46000 3.7034708108e-012
4.47000 3.9689736066e-012
4.48000 4.2534878913e-012
4.49000 4.5583626524e-012
4.50000 4.8850402949e-012
4.51000 5.2350628248e-012
4.52000 5.6100784152e-012
4.53000 6.0118483769e-012
4.54000 6.4422545573e-012
4.55000 6.9033071924e-012
4.56000 7.3971532369e-012
4.57000 7.9260852016e-012
4.58000 8.4925505275e-012
4.59000 9.0991615262e-012
4.60000 9.7487059224e-012
4.61000 1.0444158033e-011
4.62000 1.1188690618e-011
4.63000 1.1985687454e-011
4.64000 1.2838756655e-011
4.65000 1.3751744807e-011
4.66000 1.4728751953e-011
4.67000 1.5774147489e-011
4.68000 1.6892587016e-011
4.69000 1.8089030233e-011
4.70000 1.9368759908e-011
4.71000 2.0737402018e-011
4.72000 2.2200947130e-011
4.73000 2.3765773096e-011
4.74000 2.5438669167e-011
4.75000 2.7226861598e-011
4.76000 2.9138040872e-011
4.77000 3.1180390629e-011
4.78000 3.3362618436e-011
4.79000 3.5693988509e-011
4.80000 3.8184356542e-011
4.81000 4.0844206768e-011
4.82000 4.3684691430e-011
4.83000 4.6717672819e-011
4.84000 4.9955768060e-011
4.85000 5.3412396848e-011
4.86000 5.7101832334e-011
4.87000 6.1039255399e-011
4.88000 6.5240812532e-011
4.89000 6.9723677593e-011
4.90000 7.4506117717e-011
4.91000 7.9607563666e-011
4.92000 8.5048684930e-011
4.93000 9.0851469921e-011
4.94000 9.7039311609e-011
4.95000 1.0363709899e-010
4.96000 1.1067131480e-010
4.97000 1.1817013985e-010
4.98000 1.2616356457e-010
4.99000 1.3468350810e-010
5.00000 1.4376394557e-010
5.01000 1.5344104408e-010
5.02000 1.6375330797e-010
5.03000 1.7474173400e-010
5.04000 1.8644997720e-010
5.05000 1.9892452797e-010
5.06000 2.1221490127e-010
5.07000 2.2637383875e-010
5.08000 2.4145752453e-010
5.09000 2.5752581571e-010
5.10000 2.7464248845e-010
5.11000 2.9287550073e-010
5.12000 3.1229727279e-010
5.13000 3.3298498650e-010
5.14000 3.5502090482e-010
5.15000 3.7849271262e-010
5.16000 4.0349388031e-010
5.17000 4.3012405168e-010
5.18000 4.5848945745e-010
5.19000 4.8870335624e-010
5.20000 5.2088650456e-010
5.21000 5.5516765776e-010
5.22000 5.9168410366e-010
5.23000 6.3058223111e-010
5.24000 6.7201813537e-010
5.25000 7.1615826270e-010
5.26000 7.6318009642e-010
5.27000 8.1327288691e-010
5.28000 8.6663842825e-010
5.29000 9.2349188404e-010
5.30000 9.8406266543e-010
5.31000 1.0485953643e-009
5.32000 1.1173507445e-009
5.33000 1.1906067951e-009
5.34000 1.2686598479e-009
5.35000 1.3518257645e-009
5.36000 1.4404411947e-009
5.37000 1.5348649117e-009
5.38000 1.6354792274e-009
5.39000 1.7426914928e-009
5.40000 1.8569356863e-009
5.41000 1.9786740969e-009
5.42000 2.1083991048e-009
5.43000 2.2466350662e-009
5.44000 2.3939403059e-009
5.45000 2.5509092250e-009
5.46000 2.7181745276e-009
5.47000 2.8964095726e-009
5.48000 3.0863308586e-009
5.49000 3.2887006455e-009
5.50000 3.5043297214e-009
5.51000 3.7340803207e-009
5.52000 3.9788692019e-009
5.53000 4.2396708903e-009
5.54000 4.5175210970e-009
5.55000 4.8135203186e-009
5.56000 5.1288376299e-009
5.57000 5.4647146765e-009
5.58000 5.8224698780e-009
5.59000 6.2035028522e-009
5.60000 6.6092990705e-009
5.61000 7.0414347575e-009
5.62000 7.5015820456e-009
5.63000 7.9915143994e-009
5.64000 8.5131123226e-009
5.65000 9.0683693641e-009
5.66000 9.6593984388e-009
5.67000 1.0288438481e-008
5.68000 1.0957861448e-008
5.69000 1.1670179699e-008
5.70000 1.2428053763e-008
5.71000 1.3234300532e-008
5.72000 1.4091901888e-008
5.73000 1.5004013812e-008
5.74000 1.5973975989e-008
5.75000 1.7005321950e-008
5.76000 1.8101789780e-008
5.77000 1.9267333443e-008
5.78000 2.0506134744e-008
5.79000 2.1822615998e-008
5.80000 2.3221453428e-008
5.81000 2.4707591365e-008
5.82000 2.6286257288e-008
5.83000 2.7962977780e-008
5.84000 2.9743595448e-008
5.85000 3.1634286882e-008
5.86000 3.3641581729e-008
5.87000 3.5772382954e-008
5.88000 3.8033988367e-008
5.89000 4.0434113519e-008
5.90000 4.2980916042e-008
5.91000 4.5683021544e-008
5.92000 4.8549551165e-008
5.93000 5.1590150892e-008
5.94000 5.4815022770e-008
5.95000 5.8234958117e-008
5.96000 6.1861372887e-008
5.97000 6.5706345311e-008
5.98000 6.9782655966e-008
5.99000 7.4103830430e-008
6.00000 7.8684184674e-008
6.01000 8.3538873380e-008
6.02000 8.8683941342e-008
6.03000 9.4136378159e-008
6.04000 9.9914176408e-008
6.05000 1.0603639350e-007
6.06000 1.1252321747e-007
6.07000 1.1939603683e-007
6.08000 1.2667751494e-007
6.09000 1.3439166882e-007
6.10000 1.4256395303e-007
6.11000 1.5122134857e-007
6.12000 1.6039245736e-007
6.13000 1.7010760238e-007
6.14000 1.8039893388e-007
6.15000 1.9130054210e-007
6.16000 2.0284857655e-007
6.17000 2.1508137252e-007
6.18000 2.2803958499e-007
6.19000 2.4176633043e-007
6.20000 2.5630733674e-007
6.21000 2.7171110201e-007
6.22000 2.8802906224e-007
6.23000 3.0531576862e-007
6.24000 3.2362907487e-007
6.25000 3.4303033494e-007
6.26000 3.6358461175e-007
6.27000 3.8536089734e-007
6.28000 4.0843234500e-007
6.29000 4.3287651394e-007
6.30000 4.5877562695e-007
6.31000 4.8621684171e-007
6.32000 5.1529253626e-007
6.33000 5.4610060921e-007
6.34000 5.7874479530e-007
6.35000 6.1333499698e-007
6.36000 6.4998763245e-007
6.37000 6.8882600100e-007
6.38000 7.2998066610e-007
6.39000 7.7358985705e-007
6.40000 8.1979988978e-007
6.41000 8.6876560735e-007
6.42000 9.2065084117e-007
6.43000 9.7562889330e-007
6.44000 1.0338830407e-006
6.45000 1.0956070623e-006
6.46000 1.1610057894e-006
6.47000 1.2302956804e-006
6.48000 1.3037054206e-006
6.49000 1.3814765483e-006
6.50000 1.4638641070e-006
6.51000 1.5511373266e-006
6.52000 1.6435803329e-006
6.53000 1.7414928870e-006
6.54000 1.8451911567e-006
6.55000 1.9550085198e-006
6.56000 2.0712964024e-006
6.57000 2.1944251516e-006
6.58000 2.3247849470e-006
6.59000 2.4627867505e-006
6.60000 2.6088632980e-006
6.61000 2.7634701348e-006
6.62000 2.9270866970e-006
6.63000 3.1002174431e-006
6.64000 3.2833930360e-006
6.65000 3.4771715827e-006
6.66000 3.6821399318e-006
6.67000 3.8989150361e-006
6.68000 4.1281453814e-006
6.69000 4.3705124905e-006
6.70000 4.6267325036e-006
6.71000 4.8975578439e-006
6.72000 5.1837789738e-006
6.73000 5.4862262477e-006
6.74000 5.8057718697e-006
6.75000 6.1433319639e-006
6.76000 6.4998687648e-006
6.77000 6.8763929382e-006
6.78000 7.2739660405e-006
6.79000 7.6937031277e-006
6.80000 8.1367755238e-006
6.81000 8.6044137605e-006
6.82000 9.0979106993e-006
6.83000 9.6186248486e-006
6.84000 1.0167983889e-005
6.85000 1.0747488418e-005
6.86000 1.1358715934e-005
6.87000 1.2003325065e-005
6.88000 1.2683060065e-005
6.89000 1.3399755587e-005
6.90000 1.4155341759e-005
6.91000 1.4951849564e-005
6.92000 1.5791416553e-005
6.93000 1.6676292909e-005
6.94000 1.7608847868e-005
6.95000 1.8591576529e-005
6.96000 1.9627107064e-005
6.97000 2.0718208347e-005
6.98000 2.1867798028e-005
6.99000 2.3078951065e-005
7.00000 2.4354908740e-005
7.01000 2.5699088171e-005
7.02000 2.7115092360e-005
7.03000 2.8606720772e-005
7.04000 3.0177980491e-005
7.05000 3.1833097967e-005
7.06000 3.3576531365e-005
7.07000 3.5412983563e-005
7.08000 3.7347415796e-005
7.09000 3.9385061991e-005
7.10000 4.1531443803e-005
7.11000 4.3792386378e-005
7.12000 4.6174034868e-005
7.13000 4.8682871726e-005
7.14000 5.1325734784e-005
7.15000 5.4109836171e-005
7.16000 5.7042782049e-005
7.17000 6.0132593231e-005
7.18000 6.3387726670e-005
7.19000 6.6817097854e-005
7.20000 7.0430104123e-005
7.21000 7.4236648924e-005
7.22000 7.8247167019e-005
7.23000 8.2472650667e-005
7.24000 8.6924676788e-005
7.25000 9.1615435124e-005
7.26000 9.6557757407e-005
7.27000 1.0176514755e-004
7.28000 1.0725181284e-004
7.29000 1.1303269623e-004
7.30000 1.1912350958e-004
7.31000 1.2554076802e-004
7.32000 1.3230182531e-004
7.33000 1.3942491034e-004
7.34000 1.4692916455e-004
7.35000 1.5483468063e-004
7.36000 1.6316254208e-004
7.37000 1.7193486404e-004
7.38000 1.8117483513e-004
7.39000 1.9090676048e-004
7.40000 2.0115610586e-004
7.41000 2.1194954309e-004
7.42000 2.2331499665e-004
7.43000 2.3528169150e-004
7.44000 2.4788020245e-004
7.45000 2.6114250475e-004
7.46000 2.7510202643e-004
7.47000 2.8979370209e-004
7.48000 3.0525402863e-004
7.49000 3.2152112282e-004
7.50000 3.3863478098e-004
7.51000 3.5663654104e-004
7.52000 3.7556974705e-004
7.53000 3.9547961653e-004
7.54000 4.1641331082e-004
7.55000 4.3842000891e-004
7.56000 4.6155098487e-004
7.57000 4.8585968944e-004
7.58000 5.1140183608e-004
7.59000 5.3823549192e-004
7.60000 5.6642117411e-004
7.61000 5.9602195200e-004
7.62000 6.2710355571e-004
7.63000 6.5973449158e-004
7.64000 6.9398616512e-004
7.65000 7.2993301193e-004
7.66000 7.6765263735e-004
7.67000 8.0722596522e-004
7.68000 8.4873739660e-004
7.69000 8.9227497883e-004
7.70000 9.3793058582e-004
7.71000 9.8580010982e-004
7.72000 1.0359836657e-003
7.73000 1.0885858078e-003
7.74000 1.1437157607e-003
7.75000 1.2014876637e-003
7.76000 1.2620208294e-003
7.77000 1.3254400183e-003
7.78000 1.3918757282e-003
7.79000 1.4614644995e-003
7.80000 1.5343492370e-003
7.81000 1.6106795485e-003
7.82000 1.6906121000e-003
7.83000 1.7743109885e-003
7.84000 1.8619481315e-003
7.85000 1.9537036752e-003
7.86000 2.0497664188e-003
7.87000 2.1503342579e-003
7.88000 2.2556146442e-003
7.89000 2.3658250638e-003
7.90000 2.4811935317e-003
7.91000 2.6019591040e-003
7.92000 2.7283724061e-003
7.93000 2.8606961776e-003
7.94000 2.9992058320e-003
7.95000 3.1441900318e-003
7.96000 3.2959512775e-003
7.97000 3.4548065093e-003
7.98000 3.6210877217e-003
7.99000 3.7951425877e-003
8.00000 3.9773350936e-003
8.01000 4.1680461810e-003
8.02000 4.3676743956e-003
8.03000 4.5766365397e-003
8.04000 4.7953683280e-003
8.05000 5.0243250426e-003
8.06000 5.2639821869e-003
8.07000 5.5148361332e-003
8.08000 5.7774047647e-003
8.09000 6.0522281052e-003
8.10000 6.3398689368e-003
8.11000 6.6409134001e-003
8.12000 6.9559715748e-003
8.13000 7.2856780373e-003
8.14000 7.6306923905e-003
8.15000 7.9916997648e-003
8.16000 8.3694112845e-003
8.17000 8.7645644980e-003
8.18000 9.1779237666e-003
8.19000 9.6102806121e-003
8.20000 1.0062454017e-002
8.21000 1.0535290676e-002
8.22000 1.1029665201e-002
8.23000 1.1546480267e-002
8.24000 1.2086666714e-002
8.25000 1.2651183592e-002
8.26000 1.3241018147e-002
8.27000 1.3857185771e-002
8.28000 1.4500729886e-002
8.29000 1.5172721794e-002
8.30000 1.5874260480e-002
8.31000 1.6606472375e-002
8.32000 1.7370511092e-002
8.33000 1.8167557135e-002
8.34000 1.8998817594e-002
8.35000 1.9865525822e-002
8.36000 2.0768941126e-002
8.37000 2.1710348462e-002
8.38000 2.2691058146e-002
8.39000 2.3712405610e-002
8.40000 2.4775751186e-002
8.41000 2.5882479954e-002
8.42000 2.7034001652e-002
8.43000 2.8231750649e-002
8.44000 2.9477186015e-002
8.45000 3.0771791666e-002
8.46000 3.2117076611e-002
8.47000 3.3514575289e-002
8.48000 3.4965848015e-002
8.49000 3.6472481514e-002
8.50000 3.8036089549e-002
8.51000 3.9658313638e-002
8.52000 4.1340823847e-002
8.53000 4.3085319636e-002
8.54000 4.4893530756e-002
8.55000 4.6767218164e-002
8.56000 4.8708174933e-002
8.57000 5.0718227133e-002
8.58000 5.2799234645e-002
8.59000 5.4953091872e-002
8.60000 5.7181728313e-002
8.61000 5.9487108954e-002
8.62000 6.1871234429e-002
8.63000 6.4336140908e-002
8.64000 6.6883899663e-002
8.65000 6.9516616251e-002
8.66000 7.2236429276e-002
8.67000 7.5045508670e-002
8.68000 7.7946053434e-002
8.69000 8.0940288803e-002
8.70000 8.4030462763e-002
8.71000 8.7218841888e-002
8.72000 9.0507706444e-002
8.73000 9.3899344706e-002
8.74000 9.7396046469e-002
8.75000 1.0100009570e-001
8.76000 1.0471376230e-001
8.77000 1.0853929300e-001
8.78000 1.1247890127e-001
8.79000 1.1653475637e-001
8.80000 1.2070897147e-001
8.81000 1.2500359081e-001
8.82000 1.2942057605e-001
8.83000 1.3396179175e-001
8.84000 1.3862899010e-001
8.85000 1.4342379485e-001
8.86000 1.4834768476e-001
8.87000 1.5340197634e-001
8.88000 1.5858780640e-001
8.89000 1.6390611412e-001
8.90000 1.6935762319e-001
8.91000 1.7494282389e-001
8.92000 1.8066195546e-001
8.93000 1.8651498898e-001
8.94000 1.9250161082e-001
8.95000 1.9862120708e-001
8.96000 2.0487284913e-001
8.97000 2.1125528055e-001
8.98000 2.1776690574e-001
8.99000 2.2440578029e-001
9.00000 2.3116960363e-001
9.01000 2.3805571391e-001
9.02000 2.4506108544e-001
9.03000 2.5218232890e-001
9.04000 2.5941569443e-001
9.05000 2.6675707772e-001
9.06000 2.7420202924e-001
9.07000 2.8174576655e-001
9.08000 2.8938318983e-001
9.09000 2.9710890043e-001
9.10000 3.0491722250e-001
9.11000 3.1280222731e-001
9.12000 3.2075776033e-001
9.13000 3.2877747059e-001
9.14000 3.3685484215e-001
9.15000 3.4498322727e-001
9.16000 3.5315588088e-001
9.17000 3.6136599605e-001
9.18000 3.6960673986e-001
9.19000 3.7787128943e-001
9.20000 3.8615286742e-001
9.21000 3.9444477674e-001
9.22000 4.0274043402e-001
9.23000 4.1103340128e-001
9.24000 4.1931741566e-001
9.25000 4.2758641658e-001
9.26000 4.3583457037e-001
9.27000 4.4405629180e-001
9.28000 4.5224626257e-001
9.29000 4.6039944644e-001
9.30000 4.6851110104e-001
9.31000 4.7657678630e-001
9.32000 4.8459236948e-001
9.33000 4.9255402697e-001
9.34000 5.0045824292e-001
9.35000 5.0830180488e-001
9.36000 5.1608179675e-001
9.37000 5.2379558907e-001
9.38000 5.3144082723e-001
9.39000 5.3901541752e-001
9.40000 5.4651751169e-001
9.41000 5.5394548999e-001
9.42000 5.6129794323e-001
9.43000 5.6857365407e-001
9.44000 5.7577157788e-001
9.45000 5.8289082330e-001
9.46000 5.8993063305e-001
9.47000 5.9689036496e-001
9.48000 6.0376947358e-001
9.49000 6.1056749264e-001
9.50000 6.1728401828e-001
9.51000 6.2391869361e-001
9.52000 6.3047119431e-001
9.53000 6.3694121567e-001
9.54000 6.4332846109e-001
9.55000 6.4963263195e-001
9.56000 6.5585341911e-001
9.57000 6.6199049597e-001
9.58000 6.6804351293e-001
9.59000 6.7401209359e-001
9.60000 6.7989583224e-001
9.61000 6.8569429289e-001
9.62000 6.9140700969e-001
9.63000 6.9703348854e-001
9.64000 7.0257320999e-001
9.65000 7.0802563323e-001
9.66000 7.1339020102e-001
9.67000 7.1866634560e-001
9.68000 7.2385349525e-001
9.69000 7.2895108160e-001
9.70000 7.3395854738e-001
9.71000 7.3887535462e-001
9.72000 7.4370099309e-001
9.73000 7.4843498889e-001
9.74000 7.5307691305e-001
9.75000 7.5762639012e-001
9.76000 7.6208310644e-001
9.77000 7.6644681821e-001
9.78000 7.7071735912e-001
9.79000 7.7489464742e-001
9.80000 7.7897869258e-001
9.81000 7.8296960113e-001
9.82000 7.8686758190e-001
9.83000 7.9067295044e-001
9.84000 7.9438613270e-001
9.85000 7.9800766781e-001
9.86000 8.0153821000e-001
9.87000 8.0497852975e-001
9.88000 8.0832951393e-001
9.89000 8.1159216518e-001
9.90000 8.1476760037e-001
9.91000 8.1785704833e-001
9.92000 8.2086184668e-001
9.93000 8.2378343801e-001
9.94000 8.2662336530e-001
9.95000 8.2938326669e-001
9.96000 8.3206486973e-001
9.97000 8.3466998498e-001
9.98000 8.3720049927e-001
9.99000 8.3965836843e-001
10.00000 8.4204560980e-001
10.01000 8.4436429439e-001
10.02000 8.4661653889e-001
10.03000 8.4880449747e-001
10.04000 8.5093035361e-001
10.05000 8.5299631187e-001
10.06000 8.5500458965e-001
10.07000 8.5695740916e-001
10.08000 8.5885698947e-001
10.09000 8.6070553880e-001
10.10000 8.6250524706e-001
10.11000 8.6425827866e-001
10.12000 8.6596676565e-001
10.13000 8.6763280127e-001
10.14000 8.6925843377e-001
10.15000 8.7084566078e-001
10.16000 8.7239642399e-001
10.17000 8.7391260436e-001
10.18000 8.7539601772e-001
10.19000 8.7684841087e-001
10.20000 8.7827145815e-001
10.21000 8.7966675842e-001
10.22000 8.8103583263e-001
10.23000 8.8238012167e-001
10.24000 8.8370098487e-001
10.25000 8.8499969880e-001
10.26000 8.8627745657e-001
10.27000 8.8753536754e-001
10.28000 8.8877445743e-001
10.29000 8.8999566884e-001
10.30000 8.9119986208e-001
10.31000 8.9238781646e-001
10.32000 8.9356023180e-001
10.33000 8.9471773035e-001
10.34000 8.9586085894e-001
10.35000 8.9699009144e-001
10.36000 8.9810583143e-001
10.37000 8.9920841515e-001
10.38000 9.0029811463e-001
10.39000 9.0137514099e-001
10.40000 9.0243964793e-001
10.41000 9.0349173535e-001
10.42000 9.0453145309e-001
10.43000 9.0555880476e-001
10.44000 9.0657375164e-001
10.45000 9.0757621669e-001
10.46000 9.0856608847e-001
10.47000 9.0954322525e-001
10.48000 9.1050745892e-001
10.49000 9.1145859906e-001
10.50000 9.1239643680e-001
10.51000 9.1332074874e-001
10.52000 9.1423130075e-001
10.53000 9.1512785167e-001
10.54000 9.1601015684e-001
10.55000 9.1687797170e-001
10.56000 9.1773105497e-001
10.57000 9.1856917193e-001
10.58000 9.1939209742e-001
10.59000 9.2019961863e-001
10.60000 9.2099153783e-001
10.61000 9.2176767479e-001
10.62000 9.2252786908e-001
10.63000 9.2327198213e-001
10.64000 9.2399989909e-001
10.65000 9.2471153047e-001
10.66000 9.2540681360e-001
10.67000 9.2608571382e-001
10.68000 9.2674822551e-001
10.69000 9.2739437285e-001
10.70000 9.2802421045e-001
10.71000 9.2863782363e-001
10.72000 9.2923532870e-001
10.73000 9.2981687281e-001
10.74000 9.3038263384e-001
10.75000 9.3093281987e-001
10.76000 9.3146766870e-001
10.77000 9.3198744700e-001
10.78000 9.3249244947e-001
10.79000 9.3298299770e-001
10.80000 9.3345943903e-001
10.81000 9.3392214518e-001
10.82000 9.3437151079e-001
10.83000 9.3480795192e-001
10.84000 9.3523190430e-001
10.85000 9.3564382170e-001
10.86000 9.3604417407e-001
10.87000 9.3643344569e-001
10.88000 9.3681213327e-001
10.89000 9.3718074400e-001
10.90000 9.3753979358e-001
10.91000 9.3788980426e-001
10.92000 9.3823130285e-001
10.93000 9.3856481873e-001
10.94000 9.3889088192e-001
10.95000 9.3921002115e-001
10.96000 9.3952276198e-001
10.97000 9.3982962492e-001
10.98000 9.4013112369e-001
10.99000 9.4042776346e-001
11.00000 9.4072003919e-001
11.01000 9.4100843406e-001
11.02000 9.4129341795e-001
11.03000 9.4157544601e-001
11.04000 9.4185495734e-001
11.05000 9.4213237375e-001
11.06000 9.4240809858e-001
11.07000 9.4268251570e-001
11.08000 9.4295598855e-001
11.09000 9.4322885927e-001
11.10000 9.4350144800e-001
11.11000 9.4377405220e-001
11.12000 9.4404694618e-001
11.13000 9.4432038062e-001
11.14000 9.4459458228e-001
11.15000 9.4486975376e-001
11.16000 9.4514607340e-001
11.17000 9.4542369526e-001
11.18000 9.4570274919e-001
11.19000 9.4598334100e-001
11.20000 9.4626555273e-001
11.21000 9.4654944301e-001
11.22000 9.4683504749e-001
11.23000 9.4712237935e-001
11.24000 9.4741142993e-001
11.25000 9.4770216935e-001
11.26000 9.4799454731e-001
11.27000 9.4828849385e-001
11.28000 9.4858392021e-001
11.29000 9.4888071980e-001
11.30000 9.4917876914e-001
11.31000 9.4947792886e-001
11.32000 9.4977804480e-001
11.33000 9.5007894910e-001
11.34000 9.5038046129e-001
11.35000 9.5068238948e-001
11.36000 9.5098453153e-001
11.37000 9.5128667626e-001
11.38000 9.5158860459e-001
11.39000 9.5189009083e-001
11.40000 9.5219090385e-001
11.41000 9.5249080829e-001
11.42000 9.5278956576e-001
11.43000 9.5308693606e-001
11.44000 9.5338267831e-001
11.45000 9.5367655214e-001
11.46000 9.5396831880e-001
11.47000 9.5425774224e-001
11.48000 9.5454459023e-001
11.49000 9.5482863532e-001
11.50000 9.5510965589e-001
11.51000 9.5538743706e-001
11.52000 9.5566177161e-001
11.53000 9.5593246081e-001
11.54000 9.5619931525e-001
11.55000 9.5646215557e-001
11.56000 9.5672081315e-001
11.57000 9.5697513076e-001
11.58000 9.5722496310e-001
11.59000 9.5747017737e-001
11.60000 9.5771065369e-001
11.61000 9.5794628550e-001
11.62000 9.5817697988e-001
11.63000 9.5840265785e-001
11.64000 9.5862325455e-001
11.65000 9.5883871939e-001
11.66000 9.5904901616e-001
11.67000 9.5925412300e-001
11.68000 9.5945403243e-001
11.69000 9.5964875121e-001
11.70000 9.5983830018e-001
11.71000 9.6002271413e-001
11.72000 9.6020204145e-001
11.73000 9.6037634387e-001
11.74000 9.6054569611e-001
11.75000 9.6071018544e-001
11.76000 9.6086991127e-001
11.77000 9.6102498464e-001
11.78000 9.6117552770e-001
11.79000 9.6132167315e-001
11.80000 9.6146356363e-001
11.81000 9.6160135112e-001
11.82000 9.6173519627e-001
11.83000 9.6186526774e-001
11.84000 9.6199174151e-001
11.85000 9.6211480014e-001
11.86000 9.6223463208e-001
11.87000 9.6235143091e-001
11.88000 9.6246539461e-001
11.89000 9.6257672481e-001
11.90000 9.6268562604e-001
11.91000 9.6279230497e-001
11.92000 9.6289696969e-001
11.93000 9.6299982896e-001
11.94000 9.6310109146e-001
11.95000 9.6320096510e-001
11.96000 9.6329965633e-001
11.97000 9.6339736940e-001
11.98000 9.6349430577e-001
11.99000 9.6359066339e-001
12.00000 9.6368663613e-001
12.01000 9.6378241314e-001
12.02000 9.6387817834e-001
12.03000 9.6397410980e-001
12.04000 9.6407037927e-001
12.05000 9.6416715172e-001
12.06000 9.6426458481e-001
12.07000 9.6436282854e-001
12.08000 9.6446202485e-001
12.09000 9.6456230725e-001
12.10000 9.6466380051e-001
12.11000 9.6476662039e-001
12.12000 9.6487087337e-001
12.13000 9.6497665646e-001
12.14000 9.6508405702e-001
12.15000 9.6519315264e-001
12.16000 9.6530401097e-001
12.17000 9.6541668974e-001
12.18000 9.6553123666e-001
12.19000 9.6564768944e-001
12.20000 9.6576607585e-001
12.21000 9.6588641374e-001
12.22000 9.6600871118e-001
12.23000 9.6613296656e-001
12.24000 9.6625916879e-001
12.25000 9.6638729743e-001
12.26000 9.6651732296e-001
12.27000 9.6664920701e-001
12.28000 9.6678290263e-001
12.29000 9.6691835456e-001
12.30000 9.6705549960e-001
12.31000 9.6719426689e-001
12.32000 9.6733457833e-001
12.33000 9.6747634890e-001
12.34000 9.6761948710e-001
12.35000 9.6776389535e-001
12.36000 9.6790947039e-001
12.37000 9.6805610374e-001
12.38000 9.6820368218e-001
12.39000 9.6835208812e-001
12.40000 9.6850120017e-001
12.41000 9.6865089352e-001
12.42000 9.6880104049e-001
12.43000 9.6895151094e-001
12.44000 9.6910217283e-001
12.45000 9.6925289261e-001
12.46000 9.6940353577e-001
12.47000 9.6955396728e-001
12.48000 9.6970405206e-001
12.49000 9.6985365547e-001
12.50000 9.7000264371e-001
12.51000 9.7015088433e-001
12.52000 9.7029824664e-001
12.53000 9.7044460211e-001
12.54000 9.7058982481e-001
12.55000 9.7073379181e-001
12.56000 9.7087638356e-001
12.57000 9.7101748421e-001
12.58000 9.7115698205e-001
12.59000 9.7129476974e-001
12.60000 9.7143074472e-001
12.61000 9.7156480942e-001
12.62000 9.7169687157e-001
12.63000 9.7182684447e-001
12.64000 9.7195464717e-001
12.65000 9.7208020474e-001
12.66000 9.7220344839e-001
12.67000 9.7232431568e-001
12.68000 9.7244275067e-001
12.69000 9.7255870399e-001
12.70000 9.7267213297e-001
12.71000 9.7278300170e-001
12.72000 9.7289128111e-001
12.73000 9.7299694894e-001
12.74000 9.7309998979e-001
12.75000 9.7320039510e-001
12.76000 9.7329816309e-001
12.77000 9.7339329871e-001
12.78000 9.7348581357e-001
12.79000 9.7357572583e-001
12.80000 9.7366306005e-001
12.81000 9.7374784714e-001
12.82000 9.7383012407e-001
12.83000 9.7390993383e-001
12.84000 9.7398732514e-001
12.85000 9.7406235230e-001
12.86000 9.7413507494e-001
12.87000 9.7420555779e-001
12.88000 9.7427387044e-001
12.89000 9.7434008707e-001
12.90000 9.7440428620e-001
12.91000 9.7446655036e-001
12.92000 9.7452696588e-001
12.93000 9.7458562249e-001
12.94000 9.7464261313e-001
12.95000 9.7469803353e-001
12.96000 9.7475198198e-001
12.97000 9.7480455896e-001
12.98000 9.7485586686e-001
12.99000 9.7490600962e-001
13.00000 9.7495509242e-001
13.01000 9.7500322139e-001
13.02000 9.7505050322e-001
13.03000 9.7509704493e-001
13.04000 9.7514295346e-001
13.05000 9.7518833546e-001
13.06000 9.7523329688e-001
13.07000 9.7527794278e-001
13.08000 9.7532237693e-001
13.09000 9.7536670160e-001
13.10000 9.7541101726e-001
13.11000 9.7545542232e-001
13.12000 9.7550001285e-001
13.13000 9.7554488234e-001
13.14000 9.7559012148e-001
13.15000 9.7563581792e-001
13.16000 9.7568205605e-001
13.17000 9.7572891683e-001
13.18000 9.7577647754e-001
13.19000 9.7582481168e-001
13.20000 9.7587398873e-001
13.21000 9.7592407407e-001
13.22000 9.7597512879e-001
13.23000 9.7602720960e-001
13.24000 9.7608036872e-001
13.25000 9.7613465377e-001
13.26000 9.7619010768e-001
13.27000 9.7624676869e-001
13.28000 9.7630467023e-001
13.29000 9.7636384089e-001
13.30000 9.7642430443e-001
13.31000 9.7648607978e-001
13.32000 9.7654918099e-001
13.33000 9.7661361727e-001
13.34000 9.7667939308e-001
13.35000 9.7674650806e-001
13.36000 9.7681495721e-001
13.37000 9.7688473088e-001
13.38000 9.7695581488e-001
13.39000 9.7702819054e-001
13.40000 9.7710183490e-001
13.41000 9.7717672071e-001
13.42000 9.7725281666e-001
13.43000 9.7733008745e-001
13.44000 9.7740849394e-001
13.45000 9.7748799335e-001
13.46000 9.7756853937e-001
13.47000 9.7765008236e-001
13.48000 9.7773256950e-001
13.49000 9.7781594502e-001
13.50000 9.7790015034e-001
13.51000 9.7798512428e-001
13.52000 9.7807080329e-001
13.53000 9.7815712160e-001
13.54000 9.7824401148e-001
13.55000 9.7833140342e-001
13.56000 9.7841922636e-001
13.57000 9.7850740787e-001
13.58000 9.7859587442e-001
13.59000 9.7868455155e-001
13.60000 9.7877336413e-001
13.61000 9.7886223653e-001
13.62000 9.7895109286e-001
13.63000 9.7903985721e-001
13.64000 9.7912845380e-001
13.65000 9.7921680723e-001
13.66000 9.7930484268e-001
13.67000 9.7939248611e-001
13.68000 9.7947966447e-001
13.69000 9.7956630584e-001
13.70000 9.7965233969e-001
13.71000 9.7973769701e-001
13.72000 9.7982231051e-001
13.73000 9.7990611476e-001
13.74000 9.7998904641e-001
13.75000 9.8007104427e-001
13.76000 9.8015204951e-001
13.77000 9.8023200577e-001
13.78000 9.8031085933e-001
13.79000 9.8038855918e-001
13.80000 9.8046505716e-001
13.81000 9.8054030808e-001
13.82000 9.8061426979e-001
13.83000 9.8068690327e-001
13.84000 9.8075817273e-001
13.85000 9.8082804565e-001
13.86000 9.8089649286e-001
13.87000 9.8096348856e-001
13.88000 9.8102901040e-001
13.89000 9.8109303947e-001
13.90000 9.8115556035e-001
13.91000 9.8121656109e-001
13.92000 9.8127603327e-001
13.93000 9.8133397190e-001
13.94000 9.8139037550e-001
13.95000 9.8144524599e-001
13.96000 9.8149858873e-001
13.97000 9.8155041241e-001
13.98000 9.8160072906e-001
13.99000 9.8164955393e-001
14.00000 9.8169690547e-001
14.01000 9.8174280523e-001
14.02000 9.8178727778e-001
14.03000 9.8183035063e-001
14.04000 9.8187205412e-001
14.05000 9.8191242134e-001
14.06000 9.8195148799e-001
14.07000 9.8198929228e-001
14.08000 9.8202587484e-001
14.09000 9.8206127853e-001
14.10000 9.8209554838e-001
14.11000 9.8212873141e-001
14.12000 9.8216087652e-001
14.13000 9.8219203433e-001
14.14000 9.8222225706e-001
14.15000 9.8225159835e-001
14.16000 9.8228011317e-001
14.17000 9.8230785760e-001
14.18000 9.8233488873e-001
14.19000 9.8236126450e-001
14.20000 9.8238704353e-001
14.21000 9.8241228500e-001
14.22000 9.8243704846e-001
14.23000 9.8246139371e-001
14.24000 9.8248538063e-001
14.25000 9.8250906906e-001
14.26000 9.8253251861e-001
14.27000 9.8255578855e-001
14.28000 9.8257893768e-001
14.29000 9.8260202414e-001
14.30000 9.8262510532e-001
14.31000 9.8264823770e-001
14.32000 9.8267147674e-001
14.33000 9.8269487675e-001
14.34000 9.8271849076e-001
14.35000 9.8274237042e-001
14.36000 9.8276656587e-001
14.37000 9.8279112564e-001
14.38000 9.8281609657e-001
14.39000 9.8284152367e-001
14.40000 9.8286745008e-001
14.41000 9.8289391692e-001
14.42000 9.8292096329e-001
14.43000 9.8294862613e-001
14.44000 9.8297694019e-001
14.45000 9.8300593795e-001
14.46000 9.8303564956e-001
14.47000 9.8306610282e-001
14.48000 9.8309732312e-001
14.49000 9.8312933337e-001
14.50000 9.8316215403e-001
14.51000 9.8319580305e-001
14.52000 9.8323029584e-001
14.53000 9.8326564530e-001
14.54000 9.8330186177e-001
14.55000 9.8333895306e-001
14.56000 9.8337692444e-001
14.57000 9.8341577867e-001
14.58000 9.8345551598e-001
14.59000 9.8349613416e-001
14.60000 9.8353762851e-001
14.61000 9.8357999193e-001
14.62000 9.8362321496e-001
14.63000 9.8366728578e-001
14.64000 9.8371219032e-001
14.65000 9.8375791226e-001
14.66000 9.8380443313e-001
14.67000 9.8385173235e-001
14.68000 9.8389978733e-001
14.69000 9.8394857348e-001
14.70000 9.8399806437e-001
14.71000 9.8404823174e-001
14.72000 9.8409904563e-001
14.73000 9.8415047444e-001
14.74000 9.8420248501e-001
14.75000 9.8425504276e-001
14.76000 9.8430811173e-001
14.77000 9.8436165472e-001
14.78000 9.8441563335e-001
14.79000 9.8447000821e-001
14.80000 9.8452473892e-001
14.81000 9.8457978422e-001
14.82000 9.8463510215e-001
14.83000 9.8469065007e-001
14.84000 9.8474638482e-001
14.85000 9.8480226281e-001
14.86000 9.8485824011e-001
14.87000 9.8491427257e-001
14.88000 9.8497031594e-001
14.89000 9.8502632596e-001
14.90000 9.8508225844e-001
14.91000 9.8513806940e-001
14.92000 9.8519371515e-001
14.93000 9.8524915241e-001
14.94000 9.8530433837e-001
14.95000 9.8535923083e-001
14.96000 9.8541378824e-001
14.97000 9.8546796986e-001
14.98000 9.8552173577e-001
14.99000 9.8557504702e-001
15.00000 9.8562786568e-001
15.01000 9.8568015492e-001
15.02000 9.8573187911e-001
15.03000 9.8578300385e-001
15.04000 9.8583349607e-001
15.05000 9.8588332410e-001
15.06000 9.8593245772e-001
15.07000 9.8598086821e-001
15.08000 9.8602852840e-001
15.09000 9.8607541276e-001
15.10000 9.8612149739e-001
15.11000 9.8616676011e-001
15.12000 9.8621118046e-001
15.13000 9.8625473976e-001
15.14000 9.8629742112e-001
15.15000 9.8633920947e-001
15.16000 9.8638009159e-001
15.17000 9.8642005612e-001
15.18000 9.8645909355e-001
15.19000 9.8649719626e-001
15.20000 9.8653435851e-001
15.21000 9.8657057644e-001
15.22000 9.8660584803e-001
15.23000 9.8664017318e-001
15.24000 9.8667355358e-001
15.25000 9.8670599277e-001
15.26000 9.8673749611e-001
15.27000 9.8676807074e-001
15.28000 9.8679772554e-001
15.29000 9.8682647111e-001
15.30000 9.8685431975e-001
15.31000 9.8688128539e-001
15.32000 9.8690738356e-001
15.33000 9.8693263136e-001
15.34000 9.8695704737e-001
15.35000 9.8698065164e-001
15.36000 9.8700346562e-001
15.37000 9.8702551209e-001
15.38000 9.8704681512e-001
15.39000 9.8706739999e-001
15.40000 9.8708729315e-001
15.41000 9.8710652212e-001
15.42000 9.8712511545e-001
15.43000 9.8714310263e-001
15.44000 9.8716051406e-001
15.45000 9.8717738092e-001
15.46000 9.8719373513e-001
15.47000 9.8720960928e-001
15.48000 9.8722503655e-001
15.49000 9.8724005062e-001
15.50000 9.8725468560e-001
15.51000 9.8726897599e-001
15.52000 9.8728295653e-001
15.53000 9.8729666220e-001
15.54000 9.8731012810e-001
15.55000 9.8732338940e-001
15.56000 9.8733648123e-001
15.57000 9.8734943864e-001
15.58000 9.8736229652e-001
15.59000 9.8737508952e-001
15.60000 9.8738785197e-001
15.61000 9.8740061784e-001
15.62000 9.8741342065e-001
15.63000 9.8742629341e-001
15.64000 9.8743926854e-001
15.65000 9.8745237785e-001
15.66000 9.8746565242e-001
15.67000 9.8747912259e-001
15.68000 9.8749281788e-001
15.69000 9.8750676693e-001
15.70000 9.8752099747e-001
15.71000 9.8753553625e-001
15.72000 9.8755040901e-001
15.73000 9.8756564043e-001
15.74000 9.8758125405e-001
15.75000 9.8759727229e-001
15.76000 9.8761371640e-001
15.77000 9.8763060640e-001
15.78000 9.8764796104e-001
15.79000 9.8766579783e-001
15.80000 9.8768413296e-001
15.81000 9.8770298130e-001
15.82000 9.8772235639e-001
15.83000 9.8774227037e-001
15.84000 9.8776273406e-001
15.85000 9.8778375685e-001
15.86000 9.8780534678e-001
15.87000 9.8782751046e-001
15.88000 9.8785025312e-001
15.89000 9.8787357859e-001
15.90000 9.8789748929e-001
15.91000 9.8792198627e-001
15.92000 9.8794706920e-001
15.93000 9.8797273639e-001
15.94000 9.8799898478e-001
15.95000 9.8802581000e-001
15.96000 9.8805320635e-001
15.97000 9.8808116684e-001
15.98000 9.8810968322e-001
15.99000 9.8813874599e-001
16.00000 9.8816834446e-001
16.01000 9.8819846675e-001
16.02000 9.8822909982e-001
16.03000 9.8826022954e-001
16.04000 9.8829184072e-001
16.05000 9.8832391710e-001
16.06000 9.8835644146e-001
16.07000 9.8838939562e-001
16.08000 9.8842276050e-001
16.09000 9.8845651617e-001
16.10000 9.8849064187e-001
16.11000 9.8852511610e-001
16.12000 9.8855991662e-001
16.13000 9.8859502055e-001
16.14000 9.8863040439e-001
16.15000 9.8866604408e-001
16.16000 9.8870191507e-001
16.17000 9.8873799233e-001
16.18000 9.8877425044e-001
16.19000 9.8881066365e-001
16.20000 9.8884720590e-001
16.21000 9.8888385091e-001
16.22000 9.8892057220e-001
16.23000 9.8895734318e-001
16.24000 9.8899413719e-001
16.25000 9.8903092753e-001
16.26000 9.8906768755e-001
16.27000 9.8910439069e-001
16.28000 9.8914101052e-001
16.29000 9.8917752081e-001
16.30000 9.8921389557e-001
16.31000 9.8925010910e-001
16.32000 9.8928613604e-001
16.33000 9.8932195144e-001
16.34000 9.8935753076e-001
16.35000 9.8939284996e-001
16.36000 9.8942788552e-001
16.37000 9.8946261448e-001
16.38000 9.8949701451e-001
16.39000 9.8953106392e-001
16.40000 9.8956474171e-001
16.41000 9.8959802761e-001
16.42000 9.8963090209e-001
16.43000 9.8966334645e-001
16.44000 9.8969534277e-001
16.45000 9.8972687404e-001
16.46000 9.8975792408e-001
16.47000 9.8978847763e-001
16.48000 9.8981852039e-001
16.49000 9.8984803897e-001
16.50000 9.8987702098e-001
16.51000 9.8990545502e-001
16.52000 9.8993333068e-001
16.53000 9.8996063858e-001
16.54000 9.8998737035e-001
16.55000 9.9001351869e-001
16.56000 9.9003907733e-001
16.57000 9.9006404104e-001
16.58000 9.9008840566e-001
16.59000 9.9011216808e-001
16.60000 9.9013532624e-001
16.61000 9.9015787914e-001
16.62000 9.9017982681e-001
16.63000 9.9020117034e-001
16.64000 9.9022191183e-001
16.65000 9.9024205440e-001
16.66000 9.9026160219e-001
16.67000 9.9028056031e-001
16.68000 9.9029893486e-001
16.69000 9.9031673289e-001
16.70000 9.9033396239e-001
16.71000 9.9035063225e-001
16.72000 9.9036675228e-001
16.73000 9.9038233314e-001
16.74000 9.9039738632e-001
16.75000 9.9041192414e-001
16.76000 9.9042595970e-001
16.77000 9.9043950685e-001
16.78000 9.9045258018e-001
16.79000 9.9046519496e-001
16.80000 9.9047736711e-001
16.81000 9.9048911320e-001
16.82000 9.9050045035e-001
16.83000 9.9051139626e-001
16.84000 9.9052196915e-001
16.85000 9.9053218771e-001
16.86000 9.9054207106e-001
16.87000 9.9055163874e-001
16.88000 9.9056091064e-001
16.89000 9.9056990699e-001
16.90000 9.9057864827e-001
16.91000 9.9058715525e-001
16.92000 9.9059544888e-001
16.93000 9.9060355026e-001
16.94000 9.9061148065e-001
16.95000 9.9061926137e-001
16.96000 9.9062691379e-001
16.97000 9.9063445928e-001
16.98000 9.9064191918e-001
16.99000 9.9064931478e-001
17.00000 9.9065666723e-001
17.01000 9.9066399753e-001
17.02000 9.9067132651e-001
17.03000 9.9067867478e-001
17.04000 9.9068606267e-001
17.05000 9.9069351024e-001
17.06000 9.9070103722e-001
17.07000 9.9070866296e-001
17.08000 9.9071640643e-001
17.09000 9.9072428618e-001
17.10000 9.9073232029e-001
17.11000 9.9074052636e-001
17.12000 9.9074892149e-001
17.13000 9.9075752223e-001
17.14000 9.9076634455e-001
17.15000 9.9077540385e-001
17.16000 9.9078471491e-001
17.17000 9.9079429186e-001
17.18000 9.9080414820e-001
17.19000 9.9081429673e-001
17.20000 9.9082474956e-001
17.21000 9.9083551810e-001
17.22000 9.9084661301e-001
17.23000 9.9085804423e-001
17.24000 9.9086982095e-001
17.25000 9.9088195157e-001
17.26000 9.9089444375e-001
17.27000 9.9090730434e-001
17.28000 9.9092053943e-001
17.29000 9.9093415428e-001
17.30000 9.9094815339e-001
17.31000 9.9096254044e-001
17.32000 9.9097731832e-001
17.33000 9.9099248910e-001
17.34000 9.9100805409e-001
17.35000 9.9102401377e-001
17.36000 9.9104036786e-001
17.37000 9.9105711527e-001
17.38000 9.9107425415e-001
17.39000 9.9109178189e-001
17.40000 9.9110969511e-001
17.41000 9.9112798970e-001
17.42000 9.9114666079e-001
17.43000 9.9116570283e-001
17.44000 9.9118510953e-001
17.45000 9.9120487395e-001
17.46000 9.9122498844e-001
17.47000 9.9124544472e-001
17.48000 9.9126623388e-001
17.49000 9.9128734639e-001
17.50000 9.9130877213e-001
17.51000 9.9133050041e-001
17.52000 9.9135251999e-001
17.53000 9.9137481911e-001
17.54000 9.9139738551e-001
17.55000 9.9142020646e-001
17.56000 9.9144326878e-001
17.57000 9.9146655887e-001
17.58000 9.9149006272e-001
17.59000 9.9151376597e-001
17.60000 9.9153765391e-001
17.61000 9.9156171153e-001
17.62000 9.9158592352e-001
17.63000 9.9161027432e-001
17.64000 9.9163474814e-001
17.65000 9.9165932902e-001
17.66000 9.9168400079e-001
17.67000 9.9170874718e-001
17.68000 9.9173355177e-001
17.69000 9.9175839811e-001
17.70000 9.9178326966e-001
17.71000 9.9180814987e-001
17.72000 9.9183302220e-001
17.73000 9.9185787016e-001
17.74000 9.9188267729e-001
17.75000 9.9190742725e-001
17.76000 9.9193210382e-001
17.77000 9.9195669091e-001
17.78000 9.9198117263e-001
17.79000 9.9200553328e-001
17.80000 9.9202975737e-001
17.81000 9.9205382968e-001
17.82000 9.9207773528e-001
17.83000 9.9210145951e-001
17.84000 9.9212498806e-001
17.85000 9.9214830695e-001
17.86000 9.9217140259e-001
17.87000 9.9219426175e-001
17.88000 9.9221687164e-001
17.89000 9.9223921989e-001
17.90000 9.9226129456e-001
17.91000 9.9228308420e-001
17.92000 9.9230457784e-001
17.93000 9.9232576500e-001
17.94000 9.9234663570e-001
17.95000 9.9236718053e-001
17.96000 9.9238739058e-001
17.97000 9.9240725750e-001
17.98000 9.9242677351e-001
17.99000 9.9244593141e-001
18.00000 9.9246472456e-001
18.01000 9.9248314693e-001
18.02000 9.9250119306e-001
18.03000 9.9251885813e-001
18.04000 9.9253613788e-001
18.05000 9.9255302870e-001
18.06000 9.9256952756e-001
18.07000 9.9258563205e-001
18.08000 9.9260134041e-001
18.09000 9.9261665143e-001
18.10000 9.9263156455e-001
18.11000 9.9264607983e-001
18.12000 9.9266019789e-001
18.13000 9.9267391999e-001
18.14000 9.9268724797e-001
18.15000 9.9270018425e-001
18.16000 9.9271273184e-001
18.17000 9.9272489431e-001
18.18000 9.9273667581e-001
18.19000 9.9274808103e-001
18.20000 9.9275911519e-001
18.21000 9.9276978405e-001
18.22000 9.9278009391e-001
18.23000 9.9279005152e-001
18.24000 9.9279966415e-001
18.25000 9.9280893956e-001
18.26000 9.9281788593e-001
18.27000 9.9282651190e-001
18.28000 9.9283482653e-001
18.29000 9.9284283930e-001
18.30000 9.9285056006e-001
18.31000 9.9285799904e-001
18.32000 9.9286516683e-001
18.33000 9.9287207433e-001
18.34000 9.9287873276e-001
18.35000 9.9288515366e-001
18.36000 9.9289134880e-001
18.37000 9.9289733023e-001
18.38000 9.9290311021e-001
18.39000 9.9290870121e-001
18.40000 9.9291411592e-001
18.41000 9.9291936714e-001
18.42000 9.9292446786e-001
18.43000 9.9292943117e-001
18.44000 9.9293427026e-001
18.45000 9.9293899840e-001
18.46000 9.9294362892e-001
18.47000 9.9294817517e-001
18.48000 9.9295265054e-001
18.49000 9.9295706839e-001
18.50000 9.9296144204e-001
18.51000 9.9296578478e-001
18.52000 9.9297010982e-001
18.53000 9.9297443027e-001
18.54000 9.9297875913e-001
18.55000 9.9298310927e-001
18.56000 9.9298749340e-001
18.57000 9.9299192407e-001
18.58000 9.9299641362e-001
18.59000 9.9300097419e-001
18.60000 9.9300561769e-001
18.61000 9.9301035579e-001
18.62000 9.9301519988e-001
18.63000 9.9302016110e-001
18.64000 9.9302525025e-001
18.65000 9.9303047787e-001
18.66000 9.9303585415e-001
18.67000 9.9304138894e-001
18.68000 9.9304709174e-001
18.69000 9.9305297169e-001
18.70000 9.9305903754e-001
18.71000 9.9306529766e-001
18.72000 9.9307176002e-001
18.73000 9.9307843219e-001
18.74000 9.9308532130e-001
18.75000 9.9309243407e-001
18.76000 9.9309977678e-001
18.77000 9.9310735526e-001
18.78000 9.9311517490e-001
18.79000 9.9312324064e-001
18.80000 9.9313155696e-001
18.81000 9.9314012784e-001
18.82000 9.9314895686e-001
18.83000 9.9315804708e-001
18.84000 9.9316740110e-001
18.85000 9.9317702107e-001
18.86000 9.9318690863e-001
18.87000 9.9319706498e-001
18.88000 9.9320749083e-001
18.89000 9.9321818644e-001
18.90000 9.9322915158e-001
18.91000 9.9324038557e-001
18.92000 9.9325188728e-001
18.93000 9.9326365510e-001
18.94000 9.9327568700e-001
18.95000 9.9328798049e-001
18.96000 9.9330053264e-001
18.97000 9.9331334010e-001
18.98000 9.9332639910e-001
18.99000 9.9333970545e-001
19.00000 9.9335325456e-001
19.01000 9.9336704145e-001
19.02000 9.9338106074e-001
19.03000 9.9339530670e-001
19.04000 9.9340977322e-001
19.05000 9.9342445386e-001
19.06000 9.9343934181e-001
19.07000 9.9345442996e-001
19.08000 9.9346971089e-001
19.09000 9.9348517686e-001
19.10000 9.9350081987e-001
19.11000 9.9351663161e-001
19.12000 9.9353260357e-001
19.13000 9.9354872694e-001
19.14000 9.9356499273e-001
19.15000 9.9358139171e-001
19.16000 9.9359791445e-001
19.17000 9.9361455137e-001
19.18000 9.9363129270e-001
19.19000 9.9364812853e-001
19.20000 9.9366504882e-001
19.21000 9.9368204340e-001
19.22000 9.9369910201e-001
19.23000 9.9371621432e-001
19.24000 9.9373336990e-001
19.25000 9.9375055831e-001
19.26000 9.9376776903e-001
19.27000 9.9378499157e-001
19.28000 9.9380221539e-001
19.29000 9.9381943001e-001
19.30000 9.9383662494e-001
19.31000 9.9385378976e-001
19.32000 9.9387091411e-001
19.33000 9.9388798770e-001
19.34000 9.9390500033e-001
19.35000 9.9392194191e-001
19.36000 9.9393880248e-001
19.37000 9.9395557221e-001
19.38000 9.9397224141e-001
19.39000 9.9398880058e-001
19.40000 9.9400524038e-001
19.41000 9.9402155165e-001
19.42000 9.9403772547e-001
19.43000 9.9405375309e-001
19.44000 9.9406962604e-001
19.45000 9.9408533604e-001
19.46000 9.9410087510e-001
19.47000 9.9411623546e-001
19.48000 9.9413140966e-001
19.49000 9.9414639050e-001
19.50000 9.9416117108e-001
19.51000 9.9417574481e-001
19.52000 9.9419010538e-001
19.53000 9.9420424683e-001
19.54000 9.9421816350e-001
19.55000 9.9423185006e-001
19.56000 9.9424530154e-001
19.57000 9.9425851327e-001
19.58000 9.9427148096e-001
19.59000 9.9428420066e-001
19.60000 9.9429666878e-001
19.61000 9.9430888207e-001
19.62000 9.9432083766e-001
19.63000 9.9433253305e-001
19.64000 9.9434396609e-001
19.65000 9.9435513500e-001
19.66000 9.9436603835e-001
19.67000 9.9437667512e-001
19.68000 9.9438704462e-001
19.69000 9.9439714654e-001
19.70000 9.9440698093e-001
19.71000 9.9441654821e-001
19.72000 9.9442584914e-001
19.73000 9.9443488487e-001
19.74000 9.9444365687e-001
19.75000 9.9445216698e-001
19.76000 9.9446041736e-001
19.77000 9.9446841055e-001
19.78000 9.9447614939e-001
19.79000 9.9448363706e-001
19.80000 9.9449087705e-001
19.81000 9.9449787318e-001
19.82000 9.9450462957e-001
19.83000 9.9451115064e-001
19.84000 9.9451744110e-001
19.85000 9.9452350595e-001
19.86000 9.9452935046e-001
19.87000 9.9453498015e-001
19.88000 9.9454040083e-001
19.89000 9.9454561851e-001
19.90000 9.9455063949e-001
19.91000 9.9455547024e-001
19.92000 9.9456011749e-001
19.93000 9.9456458815e-001
19.94000 9.9456888932e-001
19.95000 9.9457302830e-001
19.96000 9.9457701254e-001
19.97000 9.9458084967e-001
19.98000 9.9458454744e-001
19.99000 9.9458811375e-001
20.00000 9.9459155663e-001
20.01000 9.9459488421e-001
20.02000 9.9459810471e-001
20.03000 9.9460122646e-001
20.04000 9.9460425783e-001
20.05000 9.9460720729e-001
20.06000 9.9461008331e-001
20.07000 9.9461289446e-001
20.08000 9.9461564926e-001
20.09000 9.9461835631e-001
20.10000 9.9462102416e-001
20.11000 9.9462366137e-001
20.12000 9.9462627647e-001
20.13000 9.9462887797e-001
20.14000 9.9463147428e-001
20.15000 9.9463407381e-001
20.16000 9.9463668487e-001
20.17000 9.9463931568e-001
20.18000 9.9464197438e-001
20.19000 9.9464466899e-001
20.20000 9.9464740744e-001
20.21000 9.9465019749e-001
20.22000 9.9465304681e-001
20.23000 9.9465596289e-001
20.24000 9.9465895307e-001
20.25000 9.9466202454e-001
20.26000 9.9466518430e-001
20.27000 9.9466843916e-001
20.28000 9.9467179575e-001
20.29000 9.9467526049e-001
20.30000 9.9467883961e-001
20.31000 9.9468253909e-001
20.32000 9.9468636472e-001
20.33000 9.9469032204e-001
20.34000 9.9469441636e-001
20.35000 9.9469865274e-001
20.36000 9.9470303600e-001
20.37000 9.9470757071e-001
20.38000 9.9471226116e-001
20.39000 9.9471711140e-001
20.40000 9.9472212520e-001
20.41000 9.9472730606e-001
20.42000 9.9473265721e-001
20.43000 9.9473818159e-001
20.44000 9.9474388189e-001
20.45000 9.9474976048e-001
20.46000 9.9475581947e-001
20.47000 9.9476206066e-001
20.48000 9.9476848561e-001
20.49000 9.9477509555e-001
20.50000 9.9478189144e-001
20.51000 9.9478887396e-001
20.52000 9.9479604348e-001
20.53000 9.9480340010e-001
20.54000 9.9481094366e-001
20.55000 9.9481867368e-001
20.56000 9.9482658941e-001
20.57000 9.9483468985e-001
20.58000 9.9484297369e-001
20.59000 9.9485143938e-001
20.60000 9.9486008509e-001
20.61000 9.9486890871e-001
20.62000 9.9487790790e-001
20.63000 9.9488708006e-001
20.64000 9.9489642234e-001
20.65000 9.9490593163e-001
20.66000 9.9491560460e-001
20.67000 9.9492543769e-001
20.68000 9.9493542710e-001
20.69000 9.9494556883e-001
20.70000 9.9495585865e-001
20.71000 9.9496629214e-001
20.72000 9.9497686466e-001
20.73000 9.9498757140e-001
20.74000 9.9499840736e-001
20.75000 9.9500936736e-001
20.76000 9.9502044607e-001
20.77000 9.9503163797e-001
20.78000 9.9504293743e-001
20.79000 9.9505433863e-001
20.80000 9.9506583566e-001
20.81000 9.9507742247e-001
20.82000 9.9508909287e-001
20.83000 9.9510084062e-001
20.84000 9.9511265931e-001
20.85000 9.9512454252e-001
20.86000 9.9513648368e-001
20.87000 9.9514847620e-001
20.88000 9.9516051340e-001
20.89000 9.9517258857e-001
20.90000 9.9518469494e-001
20.91000 9.9519682574e-001
20.92000 9.9520897413e-001
20.93000 9.9522113329e-001
20.94000 9.9523329640e-001
20.95000 9.9524545662e-001
20.96000 9.9525760715e-001
20.97000 9.9526974119e-001
20.98000 9.9528185200e-001
20.99000 9.9529393285e-001
21.00000 9.9530597710e-001
21.01000 9.9531797813e-001
21.02000 9.9532992942e-001
21.03000 9.9534182450e-001
21.04000 9.9535365701e-001
21.05000 9.9536542066e-001
21.06000 9.9537710928e-001
21.07000 9.9538871680e-001
21.08000 9.9540023726e-001
21.09000 9.9541166484e-001
21.10000 9.9542299384e-001
21.11000 9.9543421870e-001
21.12000 9.9544533401e-001
21.13000 9.9545633450e-001
21.14000 9.9546721507e-001
21.15000 9.9547797078e-001
21.16000 9.9548859686e-001
21.17000 9.9549908871e-001
21.18000 9.9550944191e-001
21.19000 9.9551965224e-001
21.20000 9.9552971564e-001
21.21000 9.9553962829e-001
21.22000 9.9554938652e-001
21.23000 9.9555898690e-001
21.24000 9.9556842618e-001
21.25000 9.9557770134e-001
21.26000 9.9558680956e-001
21.27000 9.9559574824e-001
21.28000 9.9560451499e-001
21.29000 9.9561310765e-001
21.30000 9.9562152428e-001
21.31000 9.9562976315e-001
21.32000 9.9563782277e-001
21.33000 9.9564570187e-001
21.34000 9.9565339940e-001
21.35000 9.9566091453e-001
21.36000 9.9566824669e-001
21.37000 9.9567539549e-001
21.38000 9.9568236079e-001
21.39000 9.9568914267e-001
21.40000 9.9569574144e-001
21.41000 9.9570215761e-001
21.42000 9.9570839193e-001
21.43000 9.9571444536e-001
21.44000 9.9572031906e-001
21.45000 9.9572601444e-001
21.46000 9.9573153309e-001
21.47000 9.9573687681e-001
21.48000 9.9574204760e-001
21.49000 9.9574704767e-001
21.50000 9.9575187943e-001
21.51000 9.9575654546e-001
21.52000 9.9576104855e-001
21.53000 9.9576539166e-001
21.54000 9.9576957793e-001
21.55000 9.9577361068e-001
21.56000 9.9577749338e-001
21.57000 9.9578122968e-001
21.58000 9.9578482339e-001
21.59000 9.9578827845e-001
21.60000 9.9579159896e-001
21.61000 9.9579478917e-001
21.62000 9.9579785344e-001
21.63000 9.9580079628e-001
21.64000 9.9580362230e-001
21.65000 9.9580633622e-001
21.66000 9.9580894291e-001
21.67000 9.9581144730e-001
21.68000 9.9581385441e-001
21.69000 9.9581616939e-001
21.70000 9.9581839742e-001
21.71000 9.9582054378e-001
21.72000 9.9582261382e-001
21.73000 9.9582461293e-001
21.74000 9.9582654658e-001
21.75000 9.9582842024e-001
21.76000 9.9583023946e-001
21.77000 9.9583200980e-001
21.78000 9.9583373685e-001
21.79000 9.9583542620e-001
21.80000 9.9583708347e-001
21.81000 9.9583871426e-001
21.82000 9.9584032419e-001
21.83000 9.9584191883e-001
21.84000 9.9584350377e-001
21.85000 9.9584508454e-001
21.86000 9.9584666667e-001
21.87000 9.9584825560e-001
21.88000 9.9584985678e-001
21.89000 9.9585147556e-001
21.90000 9.9585311725e-001
21.91000 9.9585478710e-001
21.92000 9.9585649026e-001
21.93000 9.9585823183e-001
21.94000 9.9586001682e-001
21.95000 9.9586185012e-001
21.96000 9.9586373655e-001
21.97000 9.9586568084e-001
21.98000 9.9586768757e-001
21.99000 9.9586976124e-001
