0.00000 8.4242017012e-062
0.01000 9.1402216727e-050
0.02000 1.9835793347e-049
0.03000 3.2287816622e-049
0.04000 4.6720810261e-049
0.05000 6.3385300374e-049
0.06000 8.2560689296e-049
0.07000 1.0455843268e-048
0.08000 1.2972555750e-048
0.09000 1.5844855695e-048
0.10000 1.9115770222e-048
0.11000 2.2833181519e-048
0.12000 2.7050355064e-048
0.13000 3.1826524198e-048
0.14000 3.7227536977e-048
0.15000 4.3326571895e-048
0.16000 5.0204929722e-048
0.17000 5.7952909502e-048
0.18000 6.6670777562e-048
0.19000 7.6469839352e-048
0.20000 8.7473624929e-048
0.21000 9.9819200068e-048
0.22000 1.1365861622e-047
0.23000 1.2916051395e-047
0.24000 1.4651189597e-047
0.25000 1.6592008766e-047
0.26000 1.8761490481e-047
0.27000 2.1185105032e-047
0.28000 2.3891076406e-047
0.29000 2.6910675240e-047
0.30000 3.0278542699e-047
0.31000 3.4033048514e-047
0.32000 3.8216686794e-047
0.33000 4.2876513572e-047
0.34000 4.8064630487e-047
0.35000 5.3838719454e-047
0.36000 6.0262633684e-047
0.37000 6.7407050999e-047
0.38000 7.5350195994e-047
0.39000 8.4178638288e-047
0.40000 9.3988174902e-047
0.41000 1.0488480560e-046
0.42000 1.1698581102e-046
0.43000 1.3042094438e-046
0.44000 1.4533374882e-046
0.45000 1.6188301352e-046
0.46000 1.8024438334e-046
0.47000 2.0061213808e-046
0.48000 2.2320115936e-046
0.49000 2.4824910491e-046
0.50000 2.7601881206e-046
0.51000 3.0680095486e-046
0.52000 3.4091698146e-046
0.53000 3.7872236145e-046
0.54000 4.2061017600e-046
0.55000 4.6701508695e-046
0.56000 5.1841772514e-046
0.57000 5.7534954218e-046
0.58000 6.3839817498e-046
0.59000 7.0821337722e-046
0.60000 7.8551357797e-046
0.61000 8.7109313397e-046
0.62000 9.6583034928e-046
0.63000 1.0706963436e-045
0.64000 1.1867648598e-045
0.65000 1.3152231097e-045
0.66000 1.4573837699e-045
0.67000 1.6146982486e-045
0.68000 1.7887713592e-045
0.69000 1.9813775514e-045
0.70000 2.1944788638e-045
0.71000 2.4302447845e-045
0.72000 2.6910742192e-045
0.73000 2.9796197963e-045
0.74000 3.2988147547e-045
0.75000 3.6519026926e-045
0.76000 4.0424704822e-045
0.77000 4.4744846891e-045
0.78000 4.9523318711e-045
0.79000 5.4808631732e-045
0.80000 6.0654436766e-045
0.81000 6.7120070142e-045
0.82000 7.4271158146e-045
0.83000 8.2180286021e-045
0.84000 9.0927738454e-045
0.85000 1.0060231922e-044
0.86000 1.1130225850e-044
0.87000 1.2313621731e-044
0.88000 1.3622439947e-044
0.89000 1.5069978268e-044
0.90000 1.6670948162e-044
0.91000 1.8441625716e-044
0.92000 2.0400018756e-044
0.93000 2.2566051905e-044
0.94000 2.4961771527e-044
0.95000 2.7611572684e-044
0.96000 3.0542450513e-044
0.97000 3.3784278632e-044
0.98000 3.7370117528e-044
0.99000 4.1336556151e-044
1.00000 4.5724090313e-044
1.01000 5.0577541890e-044
1.02000 5.5946523237e-044
1.03000 6.1885951722e-044
1.04000 6.8456619815e-044
1.05000 7.5725826764e-044
1.06000 8.3768078546e-044
1.07000 9.2665863497e-044
1.08000 1.0251051186e-043
1.09000 1.1340314835e-043
1.10000 1.2545574790e-043
1.11000 1.3879230576e-043
1.12000 1.5355013439e-043
1.13000 1.6988130101e-043
1.14000 1.8795422108e-043
1.15000 2.0795542469e-043
1.16000 2.3009151475e-043
1.17000 2.5459133779e-043
1.18000 2.8170839065e-043
1.19000 3.1172348878e-043
1.20000 3.4494772459e-043
1.21000 3.8172574756e-043
1.22000 4.2243940127e-043
1.23000 4.6751175618e-043
1.24000 5.1741158148e-043
1.25000 5.7265830385e-043
1.26000 6.3382750633e-043
1.27000 7.0155702628e-043
1.28000 7.7655371780e-043
1.29000 8.5960095121e-043
1.30000 9.5156693006e-043
1.31000 1.0534139148e-042
1.32000 1.1662084525e-042
1.33000 1.2911327217e-042
1.34000 1.4294971148e-042
1.35000 1.5827541933e-042
1.36000 1.7525141640e-042
1.37000 1.9405620444e-042
1.38000 2.1488767001e-042
1.39000 2.3796519579e-042
1.40000 2.6353200226e-042
1.41000 2.9185774465e-042
1.42000 3.2324139310e-042
1.43000 3.5801442681e-042
1.44000 3.9654437632e-042
1.45000 4.3923875181e-042
1.46000 4.8654939936e-042
1.47000 5.3897733172e-042
1.48000 5.9707808495e-042
1.49000 6.6146765815e-042
1.50000 7.3282909934e-042
1.51000 8.1191980757e-042
1.52000 8.9957962870e-042
1.53000 9.9673983080e-042
1.54000 1.1044330540e-041
1.55000 1.2238043399e-041
1.56000 1.3561233576e-041
1.57000 1.5027979544e-041
1.58000 1.6653891733e-041
1.59000 1.8456278971e-041
1.60000 2.0454332910e-041
1.61000 2.2669332379e-041
1.62000 2.5124869798e-041
1.63000 2.7847102006e-041
1.64000 3.0865028108e-041
1.65000 3.4210797232e-041
1.66000 3.7920049369e-041
1.67000 4.2032292809e-041
1.68000 4.6591322072e-041
1.69000 5.1645680605e-041
1.70000 5.7249172994e-041
1.71000 6.3461431901e-041
1.72000 7.0348545515e-041
1.73000 7.7983751856e-041
1.74000 8.6448206978e-041
1.75000 9.5831834782e-041
1.76000 1.0623426701e-040
1.77000 1.1776588279e-040
1.78000 1.3054895815e-040
1.79000 1.4471893688e-040
1.80000 1.6042583538e-040
1.81000 1.7783579530e-040
1.82000 1.9713279929e-040
1.83000 2.1852056667e-040
1.84000 2.4222464743e-040
1.85000 2.6849473513e-040
1.86000 2.9760722075e-040
1.87000 3.2986801252e-040
1.88000 3.6561564847e-040
1.89000 4.0522473180e-040
1.90000 4.4910972148e-040
1.91000 4.9772911439e-040
1.92000 5.5159005829e-040
1.93000 6.1125343924e-040
1.94000 6.7733949101e-040
1.95000 7.5053397911e-040
1.96000 8.3159501679e-040
1.97000 9.2136057629e-040
1.98000 1.0207567647e-039
1.99000 1.1308069407e-039
2.00000 1.2526417552e-039
2.01000 1.3875102084e-039
2.02000 1.5367918234e-039
2.03000 1.7020100467e-039
2.04000 1.8848469969e-039
2.05000 2.0871596943e-039
2.06000 2.3109979179e-039
2.07000 2.5586238480e-039
2.08000 2.8325336717e-039
2.09000 3.1354813429e-039
2.10000 3.4705047068e-039
2.11000 3.8409542223e-039
2.12000 4.2505245348e-039
2.13000 4.7032891778e-039
2.14000 5.2037387097e-039
2.15000 5.7568226201e-039
2.16000 6.3679953733e-039
2.17000 7.0432669932e-039
2.18000 7.7892586297e-039
2.19000 8.6132635955e-039
2.20000 9.5233144030e-039
2.21000 1.0528256388e-038
2.22000 1.1637828560e-038
2.23000 1.2862752385e-038
2.24000 1.4214829275e-038
2.25000 1.5707047627e-038
2.26000 1.7353700353e-038
2.27000 1.9170513914e-038
2.28000 2.1174789989e-038
2.29000 2.3385561013e-038
2.30000 2.5823760929e-038
2.31000 2.8512412662e-038
2.32000 3.1476833930e-038
2.33000 3.4744863207e-038
2.34000 3.8347107797e-038
2.35000 4.2317216211e-038
2.36000 4.6692177202e-038
2.37000 5.1512648111e-038
2.38000 5.6823315387e-038
2.39000 6.2673290456e-038
2.40000 6.9116544418e-038
2.41000 7.6212385416e-038
2.42000 8.4025982875e-038
2.43000 9.2628943245e-038
2.44000 1.0209994236e-037
2.45000 1.1252541998e-037
2.46000 1.2400034278e-037
2.47000 1.3662904236e-037
2.48000 1.5052613602e-037
2.49000 1.6581753831e-037
2.50000 1.8264157237e-037
2.51000 2.0115019123e-037
2.52000 2.2151031971e-037
2.53000 2.4390532923e-037
2.54000 2.6853665856e-037
2.55000 2.9562559531e-037
2.56000 3.2541523401e-037
2.57000 3.5817262863e-037
2.58000 3.9419115894e-037
2.59000 4.3379313207e-037
2.60000 4.7733264297e-037
2.61000 5.2519871968e-037
2.62000 5.7781878205e-037
2.63000 6.3566244532e-037
2.64000 6.9924570339e-037
2.65000 7.6913552984e-037
2.66000 8.4595493876e-037
2.67000 9.3038855183e-037
2.68000 1.0231887226e-036
2.69000 1.1251822738e-036
2.70000 1.2372779108e-036
2.71000 1.3604743770e-036
2.72000 1.4958694292e-036
2.73000 1.6446697129e-036
2.74000 1.8082016304e-036
2.75000 1.9879233013e-036
2.76000 2.1854377255e-036
2.77000 2.4025072711e-036
2.78000 2.6410696203e-036
2.79000 2.9032553223e-036
2.80000 3.1914071134e-036
2.81000 3.5081011854e-036
2.82000 3.8561705986e-036
2.83000 4.2387310552e-036
2.84000 4.6592092745e-036
2.85000 5.1213742305e-036
2.86000 5.6293715427e-036
2.87000 6.1877613394e-036
2.88000 6.8015599432e-036
2.89000 7.4762857662e-036
2.90000 8.2180098396e-036
2.91000 9.0334114459e-036
2.92000 9.9298393686e-036
2.93000 1.0915379327e-035
2.94000 1.1998928216e-035
2.95000 1.3190275845e-035
2.96000 1.4500194920e-035
2.97000 1.5940540105e-035
2.98000 1.7524357076e-035
2.99000 1.9266002568e-035
3.00000 2.1181276516e-035
3.01000 2.3287567511e-035
3.02000 2.5604012894e-035
3.03000 2.8151674954e-035
3.04000 3.0953734848e-035
3.05000 3.4035705997e-035
3.06000 3.7425668902e-035
3.07000 4.1154529523e-035
3.08000 4.5256303536e-035
3.09000 4.9768429066e-035
3.10000 5.4732110683e-035
3.11000 6.0192697776e-035
3.12000 6.6200100686e-035
3.13000 7.2809248309e-035
3.14000 8.0080591271e-035
3.15000 8.8080655112e-035
3.16000 9.6882648403e-035
3.17000 1.0656713116e-034
3.18000 1.1722274939e-034
3.19000 1.2894704235e-034
3.20000 1.4184732928e-034
3.21000 1.5604168374e-034
3.22000 1.7166000358e-034
3.23000 1.8884518608e-034
3.24000 2.0775441821e-034
3.25000 2.2856059320e-034
3.26000 2.5145386530e-034
3.27000 2.7664335622e-034
3.28000 3.0435902744e-034
3.29000 3.3485373437e-034
3.30000 3.6840547945e-034
3.31000 4.0531988317e-034
3.32000 4.4593289346e-034
3.33000 4.9061375604e-034
3.34000 5.3976827008e-034
3.35000 5.9384235622e-034
3.36000 6.5332596584e-034
3.37000 7.1875736379e-034
3.38000 7.9072781917e-034
3.39000 8.6988674225e-034
3.40000 9.5694730896e-034
3.41000 1.0526926181e-033
3.42000 1.1579824306e-033
3.43000 1.2737605448e-033
3.44000 1.4010628663e-033
3.45000 1.5410262364e-033
3.46000 1.6948980889e-033
3.47000 1.8640470119e-033
3.48000 2.0499742976e-033
3.49000 2.2543265700e-033
3.50000 2.4789095914e-033
3.51000 2.7257033537e-033
3.52000 2.9968785738e-033
3.53000 3.2948147210e-033
3.54000 3.6221197185e-033
3.55000 3.9816514699e-033
3.56000 4.3765413808e-033
3.57000 4.8102200571e-033
3.58000 5.2864453805e-033
3.59000 5.8093331796e-033
3.60000 6.3833907353e-033
3.61000 7.0135533812e-033
3.62000 7.7052244849e-033
3.63000 8.4643191211e-033
3.64000 9.2973117782e-033
3.65000 1.0211288471e-032
3.66000 1.1214003668e-032
3.67000 1.2313942480e-032
3.68000 1.3520388591e-032
3.69000 1.4843498484e-032
3.70000 1.6294382525e-032
3.71000 1.7885193559e-032
3.72000 1.9629223714e-032
3.73000 2.1541010182e-032
3.74000 2.3636450820e-032
3.75000 2.5932930484e-032
3.76000 2.8449459112e-032
3.77000 3.1206822652e-032
3.78000 3.4227748059e-032
3.79000 3.7537083665e-032
3.80000 4.1161996393e-032
3.81000 4.5132187398e-032
3.82000 4.9480127876e-032
3.83000 5.4241316957e-032
3.84000 5.9454563766e-032
3.85000 6.5162295964e-032
3.86000 7.1410897259e-032
3.87000 7.8251076664e-032
3.88000 8.5738272512e-032
3.89000 9.3933094535e-032
3.90000 1.0290180765e-031
3.91000 1.1271686140e-031
3.92000 1.2345746947e-031
3.93000 1.3521024395e-031
3.94000 1.4806988970e-031
3.95000 1.6213996447e-031
3.96000 1.7753371114e-031
3.97000 1.9437496886e-031
3.98000 2.1279917081e-031
3.99000 2.3295443669e-031
4.00000 2.5500276918e-031
4.01000 2.7912136418e-031
4.02000 3.0550404578e-031
4.03000 3.3436283800e-031
4.04000 3.6592968623e-031
4.05000 4.0045834277e-031
4.06000 4.3822643227e-031
4.07000 4.7953771414e-031
4.08000 5.2472456091e-031
4.09000 5.7415067303e-031
4.10000 6.2821405296e-031
4.11000 6.8735026303e-031
4.12000 7.5203599447e-031
4.13000 8.2279297705e-031
4.14000 9.0019226198e-031
4.15000 9.8485891360e-031
4.16000 1.0774771487e-030
4.17000 1.1787959662e-030
4.18000 1.2896353136e-030
4.19000 1.4108928414e-030
4.20000 1.5435513008e-030
4.21000 1.6886866464e-030
4.22000 1.8474769092e-030
4.23000 2.0212119141e-030
4.24000 2.2113039210e-030
4.25000 2.4192992754e-030
4.26000 2.6468911648e-030
4.27000 2.8959335847e-030
4.28000 3.1684566251e-030
4.29000 3.4666832044e-030
4.30000 3.7930473825e-030
4.31000 4.1502144020e-030
4.32000 4.5411026173e-030
4.33000 4.9689074861e-030
4.34000 5.4371278150e-030
4.35000 5.9495944658e-030
4.36000 6.5105017500e-030
4.37000 7.1244417571e-030
4.38000 7.7964418861e-030
4.39000 8.5320058721e-030
4.40000 9.3371586263e-030
4.41000 1.0218495236e-029
4.42000 1.1183234501e-029
4.43000 1.2239277417e-029
4.44000 1.3395271047e-029
4.45000 1.4660678277e-029
4.46000 1.6045853964e-029
4.47000 1.7562128066e-029
4.48000 1.9221896367e-029
4.49000 2.1038719470e-029
4.50000 2.3027430800e-029
4.51000 2.5204254400e-029
4.52000 2.7586933403e-029
4.53000 3.0194870098e-029
4.54000 3.3049278627e-029
4.55000 3.6173351406e-029
4.56000 3.9592440480e-029
4.57000 4.3334255108e-029
4.58000 4.7429077002e-029
4.59000 5.1909994742e-029
4.60000 5.6813159046e-029
4.61000 6.2178060700e-029
4.62000 6.8047833110e-029
4.63000 7.4469581613e-029
4.64000 8.1494741865e-029
4.65000 8.9179469808e-029
4.66000 9.7585065974e-029
4.67000 1.0677843707e-028
4.68000 1.1683259807e-028
4.69000 1.2782721838e-028
4.70000 1.3984921578e-028
4.71000 1.5299340239e-028
4.72000 1.6736318711e-028
4.73000 1.8307133950e-028
4.74000 2.0024082037e-028
4.75000 2.1900568494e-028
4.76000 2.3951206486e-028
4.77000 2.6191923610e-028
4.78000 2.8640078002e-028
4.79000 3.1314584603e-028
4.80000 3.4236052456e-028
4.81000 3.7426934019e-028
4.82000 4.0911687553e-028
4.83000 4.4716953737e-028
4.84000 4.8871747772e-028
4.85000 5.3407668352e-028
4.86000 5.8359125005e-028
4.87000 6.3763585440e-028
4.88000 6.9661844683e-028
4.89000 7.6098317962e-028
4.90000 8.3121359472e-028
4.91000 9.0783609336e-028
4.92000 9.9142371306e-028
4.93000 1.0826002398e-027
4.94000 1.1820446856e-027
4.95000 1.2904961645e-027
4.96000 1.4087592030e-027
4.97000 1.5377095243e-027
4.98000 1.6783003500e-027
4.99000 1.8315692649e-027
5.00000 1.9986456975e-027
5.01000 2.1807590715e-027
5.02000 2.3792476893e-027
5.03000 2.5955684145e-027
5.04000 2.8313072266e-027
5.05000 3.0881907266e-027
5.06000 3.3680986803e-027
5.07000 3.6730776951e-027
5.08000 4.0053561321e-027
5.09000 4.3673603676e-027
5.10000 4.7617325262e-027
5.11000 5.1913498200e-027
5.12000 5.6593456407e-027
5.13000 6.1691325638e-027
5.14000 6.7244274392e-027
5.15000 7.3292787592e-027
5.16000 7.9880965096e-027
5.17000 8.7056847308e-027
5.18000 9.4872770347e-027
5.19000 1.0338575347e-026
5.20000 1.1265792164e-026
5.21000 1.2275696649e-026
5.22000 1.3375664906e-026
5.23000 1.4573734820e-026
5.24000 1.5878665865e-026
5.25000 1.7300004337e-026
5.26000 1.8848154490e-026
5.27000 2.0534456120e-026
5.28000 2.2371269157e-026
5.29000 2.4372065911e-026
5.30000 2.6551531639e-026
5.31000 2.8925674191e-026
5.32000 3.1511943530e-026
5.33000 3.4329362008e-026
5.34000 3.7398666355e-026
5.35000 4.0742462408e-026
5.36000 4.4385393705e-026
5.37000 4.8354325171e-026
5.38000 5.2678543204e-026
5.39000 5.7389973616e-026
5.40000 6.2523418957e-026
5.41000 6.8116816942e-026
5.42000 7.4211521772e-026
5.43000 8.0852610362e-026
5.44000 8.8089215595e-026
5.45000 9.5974888941e-026
5.46000 1.0456799494e-025
5.47000 1.1393214027e-025
5.48000 1.2413664035e-025
5.49000 1.3525702668e-025
5.50000 1.4737559828e-025
5.51000 1.6058202101e-025
5.52000 1.7497397884e-025
5.53000 1.9065788128e-025
5.54000 2.0774963176e-025
5.55000 2.2637546201e-025
5.56000 2.4667283792e-025
5.57000 2.6879144274e-025
5.58000 2.9289424414e-025
5.59000 3.1915865184e-025
5.60000 3.4777777344e-025
5.61000 3.7896177641e-025
5.62000 4.1293936492e-025
5.63000 4.4995938094e-025
5.64000 4.9029253978e-025
5.65000 5.3423331093e-025
5.66000 5.8210195613e-025
5.67000 6.3424673752e-025
5.68000 6.9104630959e-025
5.69000 7.5291231000e-025
5.70000 8.2029216545e-025
5.71000 8.9367213021e-025
5.72000 9.7358057609e-025
5.73000 1.0605915547e-024
5.74000 1.1553286542e-024
5.75000 1.2584691743e-024
5.76000 1.3707486462e-024
5.77000 1.4929657263e-024
5.78000 1.6259874924e-024
5.79000 1.7707551792e-024
5.80000 1.9282903859e-024
5.81000 2.0997017979e-024
5.82000 2.2861924643e-024
5.83000 2.4890676782e-024
5.84000 2.7097435098e-024
5.85000 2.9497560481e-024
5.86000 3.2107714109e-024
5.87000 3.4945965881e-024
5.88000 3.8031911888e-024
5.89000 4.1386801702e-024
5.90000 4.5033676315e-024
5.91000 4.8997517641e-024
5.92000 5.3305410585e-024
5.93000 5.7986718744e-024
5.94000 6.3073274935e-024
5.95000 6.8599587816e-024
5.96000 7.4603066009e-024
5.97000 8.1124261230e-024
5.98000 8.8207132093e-024
5.99000 9.5899330365e-024
6.00000 1.0425251165e-023
6.01000 1.1332267262e-023
6.02000 1.2317051707e-023
6.03000 1.3386185346e-023
6.04000 1.4546802639e-023
6.05000 1.5806638536e-023
6.06000 1.7174079375e-023
6.07000 1.8658218166e-023
6.08000 2.0268914643e-023
6.09000 2.2016860503e-023
6.10000 2.3913650271e-023
6.11000 2.5971858297e-023
6.12000 2.8205122408e-023
6.13000 3.0628234794e-023
6.14000 3.3257240761e-023
6.15000 3.6109546029e-023
6.16000 3.9204033315e-023
6.17000 4.2561189006e-023
6.18000 4.6203240794e-023
6.19000 5.0154307205e-023
6.20000 5.4440560075e-023
6.21000 5.9090401045e-023
6.22000 6.4134653315e-023
6.23000 6.9606769934e-023
6.24000 7.5543060050e-023
6.25000 8.1982934652e-023
6.26000 8.8969173450e-023
6.27000 9.6548214692e-023
6.28000 1.0477046985e-022
6.29000 1.1369066528e-022
6.30000 1.2336821312e-022
6.31000 1.3386761384e-022
6.32000 1.4525889317e-022
6.33000 1.5761807619e-022
6.34000 1.7102770168e-022
6.35000 1.8557738009e-022
6.36000 2.0136439873e-022
6.37000 2.1849437795e-022
6.38000 2.3708198267e-022
6.39000 2.5725169360e-022
6.40000 2.7913864305e-022
6.41000 3.0288952058e-022
6.42000 3.2866355417e-022
6.43000 3.5663357275e-022
6.44000 3.8698715687e-022
6.45000 4.1992788437e-022
6.46000 4.5567667854e-022
6.47000 4.9447326709e-022
6.48000 5.3657776032e-022
6.49000 5.8227235821e-022
6.50000 6.3186319618e-022
6.51000 6.8568234053e-022
6.52000 7.4408994510e-022
6.53000 8.0747658167e-022
6.54000 8.7626575741e-022
6.55000 9.5091663401e-022
6.56000 1.0319269637e-021
6.57000 1.1198362590e-021
6.58000 1.2152292142e-021
6.59000 1.3187393972e-021
6.60000 1.4310532334e-021
6.61000 1.5529143032e-021
6.62000 1.6851279770e-021
6.63000 1.8285664139e-021
6.64000 1.9841739520e-021
6.65000 2.1529729198e-021
6.66000 2.3360699012e-021
6.67000 2.5346624890e-021
6.68000 2.7500465650e-021
6.69000 2.9836241460e-021
6.70000 3.2369118412e-021
6.71000 3.5115499676e-021
6.72000 3.8093123749e-021
6.73000 4.1321170355e-021
6.74000 4.4820374598e-021
6.75000 4.8613150021e-021
6.76000 5.2723721279e-021
6.77000 5.7178267188e-021
6.78000 6.2005074981e-021
6.79000 6.7234706681e-021
6.80000 7.2900178555e-021
6.81000 7.9037154729e-021
6.82000 8.5684156091e-021
6.83000 9.2882785765e-021
6.84000 1.0067797248e-020
6.85000 1.0911823335e-020
6.86000 1.1825595758e-020
6.87000 1.2814771302e-020
6.88000 1.3885457717e-020
6.89000 1.5044249498e-020
6.90000 1.6298266546e-020
6.91000 1.7655195961e-020
6.92000 1.9123337223e-020
6.93000 2.0711651048e-020
6.94000 2.2429812232e-020
6.95000 2.4288266800e-020
6.96000 2.6298293837e-020
6.97000 2.8472072388e-020
6.98000 3.0822753849e-020
6.99000 3.3364540307e-020
7.00000 3.6112769331e-020
7.01000 3.9084005745e-020
7.02000 4.2296140979e-020
7.03000 4.5768500605e-020
7.04000 4.9521960761e-020
7.05000 5.3579074191e-020
7.06000 5.7964206685e-020
7.07000 6.2703684807e-020
7.08000 6.7825955801e-020
7.09000 7.3361760720e-020
7.10000 7.9344321821e-020
7.11000 8.5809545422e-020
7.12000 9.2796241469e-020
7.13000 1.0034636117e-019
7.14000 1.0850525418e-019
7.15000 1.1732194687e-019
7.16000 1.2684944343e-019
7.17000 1.3714505166e-019
7.18000 1.4827073529e-019
7.19000 1.6029349509e-019
7.20000 1.7328578106e-019
7.21000 1.8732593798e-019
7.22000 2.0249868718e-019
7.23000 2.1889564718e-019
7.24000 2.3661589640e-019
7.25000 2.5576658106e-019
7.26000 2.7646357188e-019
7.27000 2.9883217332e-019
7.28000 3.2300788934e-019
7.29000 3.4913725006e-019
7.30000 3.7737870393e-019
7.31000 4.0790358033e-019
7.32000 4.4089712799e-019
7.33000 4.7655963478e-019
7.34000 5.1510763513e-019
7.35000 5.5677521130e-019
7.36000 6.0181539579e-019
7.37000 6.5050168200e-019
7.38000 7.0312965126e-019
7.39000 7.6001872466e-019
7.40000 8.2151404873e-019
7.41000 8.8798852465e-019
7.42000 9.5984499139e-019
7.43000 1.0375185738e-018
7.44000 1.1214792072e-018
7.45000 1.2122343521e-018
7.46000 1.3103319108e-018
7.47000 1.4163633622e-018
7.48000 1.5309671292e-018
7.49000 1.6548321953e-018
7.50000 1.7887019886e-018
7.51000 1.9333785519e-018
7.52000 2.0897270197e-018
7.53000 2.2586804228e-018
7.54000 2.4412448464e-018
7.55000 2.6385049638e-018
7.56000 2.8516299766e-018
7.57000 3.0818799870e-018
7.58000 3.3306128367e-018
7.59000 3.5992914451e-018
7.60000 3.8894916832e-018
7.61000 4.2029108248e-018
7.62000 4.5413766148e-018
7.63000 4.9068570046e-018
7.64000 5.3014706012e-018
7.65000 5.7274978879e-018
7.66000 6.1873932717e-018
7.67000 6.6837980247e-018
7.68000 7.2195541853e-018
7.69000 7.7977194968e-018
7.70000 8.4215834624e-018
7.71000 9.0946846056e-018
7.72000 9.8208290304e-018
7.73000 1.0604110386e-017
7.74000 1.1448931345e-017
7.75000 1.2360026720e-017
7.76000 1.3342488346e-017
7.77000 1.4401791874e-017
7.78000 1.5543825625e-017
7.79000 1.6774921676e-017
7.80000 1.8101889356e-017
7.81000 1.9532051338e-017
7.82000 2.1073282557e-017
7.83000 2.2734052155e-017
7.84000 2.4523468719e-017
7.85000 2.6451329063e-017
7.86000 2.8528170848e-017
7.87000 3.0765329339e-017
7.88000 3.3174998630e-017
7.89000 3.5770297707e-017
7.90000 3.8565341707e-017
7.91000 4.1575318815e-017
7.92000 4.4816573215e-017
7.93000 4.8306694597e-017
7.94000 5.2064614714e-017
7.95000 5.6110711549e-017
7.96000 6.0466921684e-017
7.97000 6.5156861503e-017
7.98000 7.0205957912e-017
7.99000 7.5641589309e-017
8.00000 8.1493237581e-017
8.01000 8.7792651978e-017
8.02000 9.4574025754e-017
8.03000 1.0187418654e-016
8.04000 1.0973280150e-016
8.05000 1.1819259832e-016
8.06000 1.2729960326e-016
8.07000 1.3710339753e-016
8.08000 1.4765739330e-016
8.09000 1.5901913077e-016
8.10000 1.7125059792e-016
8.11000 1.8441857444e-016
8.12000 1.9859500174e-016
8.13000 2.1385738072e-016
8.14000 2.3028919945e-016
8.15000 2.4798039273e-016
8.16000 2.6702783588e-016
8.17000 2.8753587500e-016
8.18000 3.0961689641e-016
8.19000 3.3339193779e-016
8.20000 3.5899134407e-016
8.21000 3.8655547085e-016
8.22000 4.1623543886e-016
8.23000 4.4819394273e-016
8.24000 4.8260611763e-016
8.25000 5.1966046796e-016
8.26000 5.5955986177e-016
8.27000 6.0252259568e-016
8.28000 6.4878353468e-016
8.29000 6.9859533178e-016
8.30000 7.5222973292e-016
8.31000 8.0997897248e-016
8.32000 8.7215726556e-016
8.33000 9.3910240322e-016
8.34000 1.0111774575e-015
8.35000 1.0887726037e-015
8.36000 1.1723070669e-015
8.37000 1.2622312018e-015
8.38000 1.3590287149e-015
8.39000 1.4632190370e-015
8.40000 1.5753598585e-015
8.41000 1.6960498360e-015
8.42000 1.8259314849e-015
8.43000 1.9656942672e-015
8.44000 2.1160778921e-015
8.45000 2.2778758408e-015
8.46000 2.4519391335e-015
8.47000 2.6391803558e-015
8.48000 2.8405779625e-015
8.49000 3.0571808789e-015
8.50000 3.2901134231e-015
8.51000 3.5405805711e-015
8.52000 3.8098735921e-015
8.53000 4.0993760805e-015
8.54000 4.4105704159e-015
8.55000 4.7450446835e-015
8.56000 5.1045000893e-015
8.57000 5.4907589107e-015
8.58000 5.9057730208e-015
8.59000 6.3516330342e-015
8.60000 6.8305781205e-015
8.61000 7.3450065389e-015
8.62000 7.8974869493e-015
8.63000 8.4907705617e-015
8.64000 9.1278041881e-015
8.65000 9.8117442680e-015
8.66000 1.0545971943e-014
8.67000 1.1334109262e-014
8.68000 1.2180036603e-014
8.69000 1.3087911407e-014
8.70000 1.4062188328e-014
8.71000 1.5107640893e-014
8.72000 1.6229384804e-014
8.73000 1.7432903002e-014
8.74000 1.8724072612e-014
8.75000 2.0109193926e-014
8.76000 2.1595021566e-014
8.77000 2.3188797995e-014
8.78000 2.4898289536e-014
8.79000 2.6731825095e-014
8.80000 2.8698337780e-014
8.81000 3.0807409616e-014
8.82000 3.3069319587e-014
8.83000 3.5495095241e-014
8.84000 3.8096568100e-014
8.85000 4.0886433154e-014
8.86000 4.3878312712e-014
8.87000 4.7086824916e-014
8.88000 5.0527657239e-014
8.89000 5.4217645305e-014
8.90000 5.8174857381e-014
8.91000 6.2418684946e-014
8.92000 6.6969939704e-014
8.93000 7.1850957511e-014
8.94000 7.7085709623e-014
8.95000 8.2699921779e-014
8.96000 8.8721201604e-014
8.97000 9.5179174861e-014
8.98000 1.0210563114e-013
8.99000 1.0953467952e-013
9.00000 1.1750291494e-013
9.01000 1.2604959580e-013
9.02000 1.3521683355e-013
9.03000 1.4504979511e-013
9.04000 1.5559691865e-013
9.05000 1.6691014383e-013
9.06000 1.7904515708e-013
9.07000 1.9206165311e-013
9.08000 2.0602361339e-013
9.09000 2.2099960268e-013
9.10000 2.3706308481e-013
9.11000 2.5429275860e-013
9.12000 2.7277291541e-013
9.13000 2.9259381934e-013
9.14000 3.1385211164e-013
9.15000 3.3665124068e-013
9.16000 3.6110191905e-013
9.17000 3.8732260945e-013
9.18000 4.1544004115e-013
9.19000 4.4558975888e-013
9.20000 4.7791670624e-013
9.21000 5.1257584578e-013
9.22000 5.4973281817e-013
9.23000 5.8956464289e-013
9.24000 6.3226046336e-013
9.25000 6.7802233937e-013
9.26000 7.2706609006e-013
9.27000 7.7962219093e-013
9.28000 8.3593672875e-013
9.29000 8.9627241833e-013
9.30000 9.6090968575e-013
9.31000 1.0301478227e-012
9.32000 1.1043062175e-012
9.33000 1.1837256679e-012
9.34000 1.2687697823e-012
9.35000 1.3598264758e-012
9.36000 1.4573095689e-012
9.37000 1.5616604949e-012
9.38000 1.6733501262e-012
9.39000 1.7928807285e-012
9.40000 1.9207880503e-012
9.41000 2.0576435616e-012
9.42000 2.2040568502e-012
9.43000 2.3606781888e-012
9.44000 2.5282012864e-012
9.45000 2.7073662361e-012
9.46000 2.8989626765e-012
9.47000 3.1038331799e-012
9.48000 3.3228768860e-012
9.49000 3.5570533986e-012
9.50000 3.8073869634e-012
9.51000 4.0749709491e-012
9.52000 4.3609726512e-012
9.53000 4.6666384437e-012
9.54000 4.9932993007e-012
9.55000 5.3423767153e-012
9.56000 5.7153890424e-012
9.57000 6.1139582947e-012
9.58000 6.5398174213e-012
9.59000 6.9948181028e-012
9.60000 7.4809390953e-012
9.61000 8.0002951608e-012
9.62000 8.5551466205e-012
9.63000 9.1479095721e-012
9.64000 9.7811668120e-012
9.65000 1.0457679508e-011
9.66000 1.1180399670e-011
9.67000 1.1952483461e-011
9.68000 1.2777305413e-011
9.69000 1.3658473586e-011
9.70000 1.4599845740e-011
9.71000 1.5605546575e-011
9.72000 1.6679986092e-011
9.73000 1.7827879163e-011
9.74000 1.9054266348e-011
9.75000 2.0364536062e-011
9.76000 2.1764448137e-011
9.77000 2.3260158882e-011
9.78000 2.4858247707e-011
9.79000 2.6565745402e-011
9.80000 2.8390164159e-011
9.81000 3.0339529436e-011
9.82000 3.2422413745e-011
9.83000 3.4647972489e-011
9.84000 3.7025981933e-011
9.85000 3.9566879439e-011
9.86000 4.2281806071e-011
9.87000 4.5182651701e-011
9.88000 4.8282102749e-011
9.89000 5.1593692684e-011
9.90000 5.5131855450e-011
9.91000 5.8911981963e-011
9.92000 6.2950479844e-011
9.93000 6.7264836573e-011
9.94000 7.1873686251e-011
9.95000 7.6796880170e-011
9.96000 8.2055561423e-011
9.97000 8.7672243777e-011
9.98000 9.3670895075e-011
9.99000 1.0007702545e-010
10.00000 1.0691778062e-010
10.01000 1.1422204069e-010
10.02000 1.2202052462e-010
10.03000 1.3034590102e-010
10.04000 1.3923290544e-010
10.05000 1.4871846480e-010
10.06000 1.5884182930e-010
10.07000 1.6964471254e-010
10.08000 1.8117144029e-010
10.09000 1.9346910863e-010
10.10000 2.0658775209e-010
10.11000 2.2058052267e-010
10.12000 2.3550388047e-010
10.13000 2.5141779673e-010
10.14000 2.6838597047e-010
10.15000 2.8647605950e-010
10.16000 3.0575992707e-010
10.17000 3.2631390522e-010
10.18000 3.4821907621e-010
10.19000 3.7156157321e-010
10.20000 3.9643290188e-010
10.21000 4.2293028415e-010
10.22000 4.5115702593e-010
10.23000 4.8122291051e-010
10.24000 5.1324461928e-010
10.25000 5.4734618181e-010
10.26000 5.8365945729e-010
10.27000 6.2232464937e-010
10.28000 6.6349085671e-010
10.29000 7.0731666148e-010
10.30000 7.5397075835e-010
10.31000 8.0363262647e-010
10.32000 8.5649324716e-010
10.33000 9.1275587012e-010
10.34000 9.7263683098e-010
10.35000 1.0363664235e-009
10.36000 1.1041898294e-009
10.37000 1.1763681089e-009
10.38000 1.2531792568e-009
10.39000 1.3349193248e-009
10.40000 1.4219036178e-009
10.41000 1.5144679644e-009
10.42000 1.6129700678e-009
10.43000 1.7177909406e-009
10.44000 1.8293364281e-009
10.45000 1.9480388243e-009
10.46000 2.0743585856e-009
10.47000 2.2087861463e-009
10.48000 2.3518438425e-009
10.49000 2.5040879475e-009
10.50000 2.6661108254e-009
10.51000 2.8385432086e-009
10.52000 3.0220566033e-009
10.53000 3.2173658303e-009
10.54000 3.4252317077e-009
10.55000 3.6464638789e-009
10.56000 3.8819237963e-009
10.57000 4.1325278643e-009
10.58000 4.3992507500e-009
10.59000 4.6831288691e-009
10.60000 4.9852640542e-009
10.61000 5.3068274127e-009
10.62000 5.6490633856e-009
10.63000 6.0132940120e-009
10.64000 6.4009234127e-009
10.65000 6.8134425011e-009
10.66000 7.2524339318e-009
10.67000 7.7195773009e-009
10.68000 8.2166546079e-009
10.69000 8.7455559956e-009
10.70000 9.3082857815e-009
10.71000 9.9069687971e-009
10.72000 1.0543857054e-008
10.73000 1.1221336758e-008
10.74000 1.1941935685e-008
10.75000 1.2708330959e-008
10.76000 1.3523357238e-008
10.77000 1.4390015352e-008
10.78000 1.5311481421e-008
10.79000 1.6291116485e-008
10.80000 1.7332476682e-008
10.81000 1.8439324027e-008
10.82000 1.9615637826e-008
10.83000 2.0865626772e-008
10.84000 2.2193741798e-008
10.85000 2.3604689711e-008
10.86000 2.5103447704e-008
10.87000 2.6695278788e-008
10.88000 2.8385748225e-008
10.89000 3.0180741046e-008
10.90000 3.2086480719e-008
10.91000 3.4109549069e-008
10.92000 3.6256907537e-008
10.93000 3.8535919869e-008
10.94000 4.0954376346e-008
10.95000 4.3520519656e-008
10.96000 4.6243072527e-008
10.97000 4.9131267220e-008
10.98000 5.2194877031e-008
10.99000 5.5444249907e-008
11.00000 5.8890344311e-008
11.01000 6.2544767479e-008
11.02000 6.6419816201e-008
11.03000 7.0528520278e-008
11.04000 7.4884688790e-008
11.05000 7.9502959349e-008
11.06000 8.4398850473e-008
11.07000 8.9588817251e-008
11.08000 9.5090310468e-008
11.09000 1.0092183935e-007
11.10000 1.0710303810e-007
11.11000 1.1365473643e-007
11.12000 1.2059903420e-007
11.13000 1.2795938044e-007
11.14000 1.3576065685e-007
11.15000 1.4402926603e-007
11.16000 1.5279322463e-007
11.17000 1.6208226155e-007
11.18000 1.7192792145e-007
11.19000 1.8236367380e-007
11.20000 1.9342502752e-007
11.21000 2.0514965166e-007
11.22000 2.1757750205e-007
11.23000 2.3075095433e-007
11.24000 2.4471494356e-007
11.25000 2.5951711045e-007
11.26000 2.7520795465e-007
11.27000 2.9184099518e-007
11.28000 3.0947293830e-007
11.29000 3.2816385300e-007
11.30000 3.4797735439e-007
11.31000 3.6898079524e-007
11.32000 3.9124546594e-007
11.33000 4.1484680315e-007
11.34000 4.3986460744e-007
11.35000 4.6638327029e-007
11.36000 4.9449201076e-007
11.37000 5.2428512233e-007
11.38000 5.5586223010e-007
11.39000 5.8932855921e-007
11.40000 6.2479521473e-007
11.41000 6.6237947368e-007
11.42000 7.0220509006e-007
11.43000 7.4440261341e-007
11.44000 7.8910972198e-007
11.45000 8.3647157133e-007
11.46000 8.8664115960e-007
11.47000 9.3977971059e-007
11.48000 9.9605707605e-007
11.49000 1.0556521587e-006
11.50000 1.1187533577e-006
11.51000 1.1855590384e-006
11.52000 1.2562780284e-006
11.53000 1.3311301418e-006
11.54000 1.4103467356e-006
11.55000 1.4941712979e-006
11.56000 1.5828600743e-006
11.57000 1.6766827324e-006
11.58000 1.7759230697e-006
11.59000 1.8808797675e-006
11.60000 1.9918671945e-006
11.61000 2.1092162636e-006
11.62000 2.2332753467e-006
11.63000 2.3644112507e-006
11.64000 2.5030102599e-006
11.65000 2.6494792485e-006
11.66000 2.8042468677e-006
11.67000 2.9677648130e-006
11.68000 3.1405091754e-006
11.69000 3.3229818820e-006
11.70000 3.5157122298e-006
11.71000 3.7192585198e-006
11.72000 3.9342097933e-006
11.73000 4.1611876778e-006
11.74000 4.4008483467e-006
11.75000 4.6538845964e-006
11.76000 4.9210280479e-006
11.77000 5.2030514757e-006
11.78000 5.5007712696e-006
11.79000 5.8150500338e-006
11.80000 6.1467993285e-006
11.81000 6.4969825570e-006
11.82000 6.8666180037e-006
11.83000 7.2567820273e-006
11.84000 7.6686124125e-006
11.85000 8.1033118844e-006
11.86000 8.5621517899e-006
11.87000 9.0464759482e-006
11.88000 9.5577046763e-006
11.89000 1.0097338990e-005
11.90000 1.0666964983e-005
11.91000 1.1268258397e-005
11.92000 1.1902989361e-005
11.93000 1.2573027337e-005
11.94000 1.3280346243e-005
11.95000 1.4027029774e-005
11.96000 1.4815276915e-005
11.97000 1.5647407655e-005
11.98000 1.6525868897e-005
11.99000 1.7453240569e-005
12.00000 1.8432241948e-005
12.01000 1.9465738176e-005
12.02000 2.0556747008e-005
12.03000 2.1708445757e-005
12.04000 2.2924178476e-005
12.05000 2.4207463360e-005
12.06000 2.5562000387e-005
12.07000 2.6991679212e-005
12.08000 2.8500587312e-005
12.09000 3.0093018413e-005
12.10000 3.1773481209e-005
12.11000 3.3546708386e-005
12.12000 3.5417666000e-005
12.13000 3.7391563206e-005
12.14000 3.9473862399e-005
12.15000 4.1670289786e-005
12.16000 4.3986846446e-005
12.17000 4.6429819912e-005
12.18000 4.9005796344e-005
12.19000 5.1721673346e-005
12.20000 5.4584673493e-005
12.21000 5.7602358641e-005
12.22000 6.0782645106e-005
12.23000 6.4133819782e-005
12.24000 6.7664557305e-005
12.25000 7.1383938354e-005
12.26000 7.5301469177e-005
12.27000 7.9427102474e-005
12.28000 8.3771259726e-005
12.29000 8.8344855086e-005
12.30000 9.3159320965e-005
12.31000 9.8226635400e-005
12.32000 1.0355935136e-004
12.33000 1.0917062805e-004
12.34000 1.1507426444e-004
12.35000 1.2128473495e-004
12.36000 1.2781722764e-004
12.37000 1.3468768474e-004
12.38000 1.4191284593e-004
12.39000 1.4951029413e-004
12.40000 1.5749850418e-004
12.41000 1.6589689434e-004
12.42000 1.7472588066e-004
12.43000 1.8400693443e-004
12.44000 1.9376264256e-004
12.45000 2.0401677119e-004
12.46000 2.1479433223e-004
12.47000 2.2612165327e-004
12.48000 2.3802645045e-004
12.49000 2.5053790461e-004
12.50000 2.6368674057e-004
12.51000 2.7750530953e-004
12.52000 2.9202767460e-004
12.53000 3.0728969937e-004
12.54000 3.2332913952e-004
12.55000 3.4018573737e-004
12.56000 3.5790131928e-004
12.57000 3.7651989588e-004
12.58000 3.9608776497e-004
12.59000 4.1665361700e-004
12.60000 4.3826864309e-004
12.61000 4.6098664531e-004
12.62000 4.8486414928e-004
12.63000 5.0996051882e-004
12.64000 5.3633807266e-004
12.65000 5.6406220288e-004
12.66000 5.9320149522e-004
12.67000 6.2382785099e-004
12.68000 6.5601661044e-004
12.69000 6.8984667778e-004
12.70000 7.2540064755e-004
12.71000 7.6276493245e-004
12.72000 8.0202989276e-004
12.73000 8.4328996732e-004
12.74000 8.8664380633e-004
12.75000 9.3219440623e-004
12.76000 9.8004924688e-004
12.77000 1.0303204317e-003
12.78000 1.0831248308e-003
12.79000 1.1385842287e-003
12.80000 1.1968254762e-003
12.81000 1.2579806481e-003
12.82000 1.3221872079e-003
12.83000 1.3895881799e-003
12.84000 1.4603323302e-003
12.85000 1.5345743597e-003
12.86000 1.6124751071e-003
12.87000 1.6942017677e-003
12.88000 1.7799281266e-003
12.89000 1.8698348101e-003
12.90000 1.9641095563e-003
12.91000 2.0629475076e-003
12.92000 2.1665515266e-003
12.93000 2.2751325375e-003
12.94000 2.3889098964e-003
12.95000 2.5081117898e-003
12.96000 2.6329756661e-003
12.97000 2.7637487000e-003
12.98000 2.9006882920e-003
12.99000 3.0440626043e-003
13.00000 3.1941511348e-003
13.01000 3.3512453288e-003
13.02000 3.5156492308e-003
13.03000 3.6876801747e-003
13.04000 3.8676695144e-003
13.05000 4.0559633918e-003
13.06000 4.2529235442e-003
13.07000 4.4589281476e-003
13.08000 4.6743726947e-003
13.09000 4.8996709068e-003
13.10000 5.1352556749e-003
13.11000 5.3815800290e-003
13.12000 5.6391181303e-003
13.13000 5.9083662848e-003
13.14000 6.1898439716e-003
13.15000 6.4840948825e-003
13.16000 6.7916879680e-003
13.17000 7.1132184837e-003
13.18000 7.4493090310e-003
13.19000 7.8006105870e-003
13.20000 8.1678035154e-003
13.21000 8.5515985533e-003
13.22000 8.9527377651e-003
13.23000 9.3719954575e-003
13.24000 9.8101790467e-003
13.25000 1.0268129871e-002
13.26000 1.0746723941e-002
13.27000 1.1246872616e-002
13.28000 1.1769523209e-002
13.29000 1.2315659497e-002
13.30000 1.2886302142e-002
13.31000 1.3482509014e-002
13.32000 1.4105375402e-002
13.33000 1.4756034115e-002
13.34000 1.5435655472e-002
13.35000 1.6145447157e-002
13.36000 1.6886653971e-002
13.37000 1.7660557442e-002
13.38000 1.8468475326e-002
13.39000 1.9311760983e-002
13.40000 2.0191802635e-002
13.41000 2.1110022527e-002
13.42000 2.2067875979e-002
13.43000 2.3066850356e-002
13.44000 2.4108463965e-002
13.45000 2.5194264896e-002
13.46000 2.6325829824e-002
13.47000 2.7504762793e-002
13.48000 2.8732694005e-002
13.49000 3.0011278635e-002
13.50000 3.1342195702e-002
13.51000 3.2727147007e-002
13.52000 3.4167856181e-002
13.53000 3.5666067849e-002
13.54000 3.7223546938e-002
13.55000 3.8842078151e-002
13.56000 4.0523465615e-002
13.57000 4.2269532715e-002
13.58000 4.4082122124e-002
13.59000 4.5963096023e-002
13.60000 4.7914336504e-002
13.61000 4.9937746144e-002
13.62000 5.2035248730e-002
13.63000 5.4208790088e-002
13.64000 5.6460339003e-002
13.65000 5.8791888159e-002
13.66000 6.1205455051e-002
13.67000 6.3703082812e-002
13.68000 6.6286840868e-002
13.69000 6.8958825363e-002
13.70000 7.1721159246e-002
13.71000 7.4575991954e-002
13.72000 7.7525498583e-002
13.73000 8.0571878465e-002
13.74000 8.3717353040e-002
13.75000 8.6964162952e-002
13.76000 9.0314564253e-002
13.77000 9.3770823653e-002
13.78000 9.7335212714e-002
13.79000 1.0101000093e-001
13.80000 1.0479744765e-001
13.81000 1.0869979270e-001
13.82000 1.1271924587e-001
13.83000 1.1685797497e-001
13.84000 1.2111809271e-001
13.85000 1.2550164228e-001
13.86000 1.3001058167e-001
13.87000 1.3464676686e-001
13.88000 1.3941193395e-001
13.89000 1.4430768026e-001
13.90000 1.4933544468e-001
13.91000 1.5449648727e-001
13.92000 1.5979186848e-001
13.93000 1.6522242809e-001
13.94000 1.7078876411e-001
13.95000 1.7649121203e-001
13.96000 1.8232982460e-001
13.97000 1.8830435244e-001
13.98000 1.9441422597e-001
13.99000 2.0065853878e-001
14.00000 2.0703603294e-001
14.01000 2.1354508652e-001
14.02000 2.2018370364e-001
14.03000 2.2694950746e-001
14.04000 2.3383973620e-001
14.05000 2.4085124267e-001
14.06000 2.4798049728e-001
14.07000 2.5522359492e-001
14.08000 2.6257626558e-001
14.09000 2.7003388889e-001
14.10000 2.7759151245e-001
14.11000 2.8524387387e-001
14.12000 2.9298542630e-001
14.13000 3.0081036719e-001
14.14000 3.0871266989e-001
14.15000 3.1668611776e-001
14.16000 3.2472434021e-001
14.17000 3.3282085024e-001
14.18000 3.4096908281e-001
14.19000 3.4916243351e-001
14.20000 3.5739429695e-001
14.21000 3.6565810421e-001
14.22000 3.7394735873e-001
14.23000 3.8225567021e-001
14.24000 3.9057678586e-001
14.25000 3.9890461868e-001
14.26000 4.0723327232e-001
14.27000 4.1555706217e-001
14.28000 4.2387053254e-001
14.29000 4.3216846980e-001
14.30000 4.4044591132e-001
14.31000 4.4869815036e-001
14.32000 4.5692073694e-001
14.33000 4.6510947503e-001
14.34000 4.7326041607e-001
14.35000 4.8136984946e-001
14.36000 4.8943429014e-001
14.37000 4.9745046381e-001
14.38000 5.0541529020e-001
14.39000 5.1332586488e-001
14.40000 5.2117943999e-001
14.41000 5.2897340453e-001
14.42000 5.3670526453e-001
14.43000 5.4437262351e-001
14.44000 5.5197316386e-001
14.45000 5.5950462926e-001
14.46000 5.6696480862e-001
14.47000 5.7435152183e-001
14.48000 5.8166260752e-001
14.49000 5.8889591309e-001
14.50000 5.9604928709e-001
14.51000 6.0312057412e-001
14.52000 6.1010761227e-001
14.53000 6.1700823307e-001
14.54000 6.2382026394e-001
14.55000 6.3054153307e-001
14.56000 6.3716987652e-001
14.57000 6.4370314748e-001
14.58000 6.5013922727e-001
14.59000 6.5647603818e-001
14.60000 6.6271155755e-001
14.61000 6.6884383299e-001
14.62000 6.7487099841e-001
14.63000 6.8079129054e-001
14.64000 6.8660306558e-001
14.65000 6.9230481582e-001
14.66000 6.9789518566e-001
14.67000 7.0337298707e-001
14.68000 7.0873721389e-001
14.69000 7.1398705493e-001
14.70000 7.1912190557e-001
14.71000 7.2414137764e-001
14.72000 7.2904530742e-001
14.73000 7.3383376161e-001
14.74000 7.3850704125e-001
14.75000 7.4306568340e-001
14.76000 7.4751046061e-001
14.77000 7.5184237822e-001
14.78000 7.5606266949e-001
14.79000 7.6017278859e-001
14.80000 7.6417440165e-001
14.81000 7.6806937595e-001
14.82000 7.7185976738e-001
14.83000 7.7554780636e-001
14.84000 7.7913588247e-001
14.85000 7.8262652785e-001
14.86000 7.8602239976e-001
14.87000 7.8932626235e-001
14.88000 7.9254096800e-001
14.89000 7.9566943832e-001
14.90000 7.9871464510e-001
14.91000 8.0167959140e-001
14.92000 8.0456729291e-001
14.93000 8.0738075992e-001
14.94000 8.1012297980e-001
14.95000 8.1279690042e-001
14.96000 8.1540541445e-001
14.97000 8.1795134478e-001
14.98000 8.2043743099e-001
14.99000 8.2286631725e-001
15.00000 8.2524054131e-001
15.01000 8.2756252505e-001
15.02000 8.2983456626e-001
15.03000 8.3205883195e-001
15.04000 8.3423735299e-001
15.05000 8.3637202018e-001
15.06000 8.3846458170e-001
15.07000 8.4051664192e-001
15.08000 8.4252966146e-001
15.09000 8.4450495852e-001
15.10000 8.4644371141e-001
15.11000 8.4834696219e-001
15.12000 8.5021562127e-001
15.13000 8.5205047307e-001
15.14000 8.5385218249e-001
15.15000 8.5562130213e-001
15.16000 8.5735828024e-001
15.17000 8.5906346924e-001
15.18000 8.6073713470e-001
15.19000 8.6237946473e-001
15.20000 8.6399057966e-001
15.21000 8.6557054191e-001
15.22000 8.6711936597e-001
15.23000 8.6863702830e-001
15.24000 8.7012347728e-001
15.25000 8.7157864287e-001
15.26000 8.7300244606e-001
15.27000 8.7439480794e-001
15.28000 8.7575565842e-001
15.29000 8.7708494440e-001
15.30000 8.7838263745e-001
15.31000 8.7964874084e-001
15.32000 8.8088329599e-001
15.33000 8.8208638816e-001
15.34000 8.8325815150e-001
15.35000 8.8439877326e-001
15.36000 8.8550849732e-001
15.37000 8.8658762691e-001
15.38000 8.8763652657e-001
15.39000 8.8865562331e-001
15.40000 8.8964540706e-001
15.41000 8.9060643036e-001
15.42000 8.9153930730e-001
15.43000 8.9244471188e-001
15.44000 8.9332337562e-001
15.45000 8.9417608463e-001
15.46000 8.9500367615e-001
15.47000 8.9580703449e-001
15.48000 8.9658708667e-001
15.49000 8.9734479752e-001
15.50000 8.9808116455e-001
15.51000 8.9879721248e-001
15.52000 8.9949398762e-001
15.53000 9.0017255202e-001
15.54000 9.0083397757e-001
15.55000 9.0147934005e-001
15.56000 9.0210971317e-001
15.57000 9.0272616274e-001
15.58000 9.0332974087e-001
15.59000 9.0392148040e-001
15.60000 9.0450238954e-001
15.61000 9.0507344672e-001
15.62000 9.0563559574e-001
15.63000 9.0618974130e-001
15.64000 9.0673674480e-001
15.65000 9.0727742057e-001
15.66000 9.0781253247e-001
15.67000 9.0834279095e-001
15.68000 9.0886885048e-001
15.69000 9.0939130746e-001
15.70000 9.0991069859e-001
15.71000 9.1042749966e-001
15.72000 9.1094212478e-001
15.73000 9.1145492610e-001
15.74000 9.1196619395e-001
15.75000 9.1247615735e-001
15.76000 9.1298498504e-001
15.77000 9.1349278682e-001
15.78000 9.1399961531e-001
15.79000 9.1450546805e-001
15.80000 9.1501028996e-001
15.81000 9.1551397610e-001
15.82000 9.1601637472e-001
15.83000 9.1651729055e-001
15.84000 9.1701648836e-001
15.85000 9.1751369667e-001
15.86000 9.1800861170e-001
15.87000 9.1850090136e-001
15.88000 9.1899020946e-001
15.89000 9.1947615993e-001
15.90000 9.1995836108e-001
15.91000 9.2043640987e-001
15.92000 9.2090989625e-001
15.93000 9.2137840732e-001
15.94000 9.2184153150e-001
15.95000 9.2229886257e-001
15.96000 9.2275000356e-001
15.97000 9.2319457052e-001
15.98000 9.2363219606e-001
15.99000 9.2406253270e-001
16.00000 9.2448525602e-001
16.01000 9.2490006755e-001
16.02000 9.2530669734e-001
16.03000 9.2570490634e-001
16.04000 9.2609448844e-001
16.05000 9.2647527226e-001
16.06000 9.2684712252e-001
16.07000 9.2720994127e-001
16.08000 9.2756366864e-001
16.09000 9.2790828341e-001
16.10000 9.2824380316e-001
16.11000 9.2857028422e-001
16.12000 9.2888782122e-001
16.13000 9.2919654642e-001
16.14000 9.2949662877e-001
16.15000 9.2978827259e-001
16.16000 9.3007171619e-001
16.17000 9.3034723005e-001
16.18000 9.3061511497e-001
16.19000 9.3087569986e-001
16.20000 9.3112933948e-001
16.21000 9.3137641193e-001
16.22000 9.3161731609e-001
16.23000 9.3185246885e-001
16.24000 9.3208230234e-001
16.25000 9.3230726101e-001
16.26000 9.3252779874e-001
16.27000 9.3274437589e-001
16.28000 9.3295745630e-001
16.29000 9.3316750440e-001
16.30000 9.3337498227e-001
16.31000 9.3358034687e-001
16.32000 9.3378404717e-001
16.33000 9.3398652158e-001
16.34000 9.3418819534e-001
16.35000 9.3438947808e-001
16.36000 9.3459076157e-001
16.37000 9.3479241754e-001
16.38000 9.3499479571e-001
16.39000 9.3519822202e-001
16.40000 9.3540299696e-001
16.41000 9.3560939421e-001
16.42000 9.3581765933e-001
16.43000 9.3602800879e-001
16.44000 9.3624062912e-001
16.45000 9.3645567629e-001
16.46000 9.3667327527e-001
16.47000 9.3689351987e-001
16.48000 9.3711647266e-001
16.49000 9.3734216521e-001
16.50000 9.3757059847e-001
16.51000 9.3780174331e-001
16.52000 9.3803554128e-001
16.53000 9.3827190558e-001
16.54000 9.3851072208e-001
16.55000 9.3875185064e-001
16.56000 9.3899512646e-001
16.57000 9.3924036159e-001
16.58000 9.3948734667e-001
16.59000 9.3973585258e-001
16.60000 9.3998563241e-001
16.61000 9.4023642330e-001
16.62000 9.4048794856e-001
16.63000 9.4073991968e-001
16.64000 9.4099203850e-001
16.65000 9.4124399931e-001
16.66000 9.4149549106e-001
16.67000 9.4174619955e-001
16.68000 9.4199580954e-001
16.69000 9.4224400693e-001
16.70000 9.4249048085e-001
16.71000 9.4273492574e-001
16.72000 9.4297704329e-001
16.73000 9.4321654440e-001
16.74000 9.4345315101e-001
16.75000 9.4368659781e-001
16.76000 9.4391663393e-001
16.77000 9.4414302439e-001
16.78000 9.4436555159e-001
16.79000 9.4458401649e-001
16.80000 9.4479823979e-001
16.81000 9.4500806296e-001
16.82000 9.4521334903e-001
16.83000 9.4541398332e-001
16.84000 9.4560987401e-001
16.85000 9.4580095251e-001
16.86000 9.4598717375e-001
16.87000 9.4616851625e-001
16.88000 9.4634498207e-001
16.89000 9.4651659663e-001
16.90000 9.4668340835e-001
16.91000 9.4684548818e-001
16.92000 9.4700292899e-001
16.93000 9.4715584481e-001
16.94000 9.4730436997e-001
16.95000 9.4744865813e-001
16.96000 9.4758888118e-001
16.97000 9.4772522807e-001
16.98000 9.4785790351e-001
16.99000 9.4798712665e-001
17.00000 9.4811312964e-001
17.01000 9.4823615612e-001
17.02000 9.4835645973e-001
17.03000 9.4847430250e-001
17.04000 9.4858995328e-001
17.05000 9.4870368607e-001
17.06000 9.4881577840e-001
17.07000 9.4892650973e-001
17.08000 9.4903615978e-001
17.09000 9.4914500694e-001
17.10000 9.4925332672e-001
17.11000 9.4936139016e-001
17.12000 9.4946946238e-001
17.13000 9.4957780114e-001
17.14000 9.4968665544e-001
17.15000 9.4979626423e-001
17.16000 9.4990685517e-001
17.17000 9.5001864349e-001
17.18000 9.5013183090e-001
17.19000 9.5024660466e-001
17.20000 9.5036313664e-001
17.21000 9.5048158260e-001
17.22000 9.5060208148e-001
17.23000 9.5072475482e-001
17.24000 9.5084970632e-001
17.25000 9.5097702143e-001
17.26000 9.5110676716e-001
17.27000 9.5123899188e-001
17.28000 9.5137372528e-001
17.29000 9.5151097847e-001
17.30000 9.5165074411e-001
17.31000 9.5179299668e-001
17.32000 9.5193769287e-001
17.33000 9.5208477202e-001
17.34000 9.5223415667e-001
17.35000 9.5238575319e-001
17.36000 9.5253945252e-001
17.37000 9.5269513094e-001
17.38000 9.5285265097e-001
17.39000 9.5301186226e-001
17.40000 9.5317260264e-001
17.41000 9.5333469909e-001
17.42000 9.5349796893e-001
17.43000 9.5366222088e-001
17.44000 9.5382725626e-001
17.45000 9.5399287020e-001
17.46000 9.5415885283e-001
17.47000 9.5432499055e-001
17.48000 9.5449106725e-001
17.49000 9.5465686555e-001
17.50000 9.5482216804e-001
17.51000 9.5498675850e-001
17.52000 9.5515042312e-001
17.53000 9.5531295163e-001
17.54000 9.5547413850e-001
17.55000 9.5563378402e-001
17.56000 9.5579169535e-001
17.57000 9.5594768754e-001
17.58000 9.5610158453e-001
17.59000 9.5625321998e-001
17.60000 9.5640243817e-001
17.61000 9.5654909474e-001
17.62000 9.5669305738e-001
17.63000 9.5683420650e-001
17.64000 9.5697243576e-001
17.65000 9.5710765251e-001
17.66000 9.5723977825e-001
17.67000 9.5736874888e-001
17.68000 9.5749451498e-001
17.69000 9.5761704192e-001
17.70000 9.5773630998e-001
17.71000 9.5785231426e-001
17.72000 9.5796506465e-001
17.73000 9.5807458564e-001
17.74000 9.5818091607e-001
17.75000 9.5828410878e-001
17.76000 9.5838423025e-001
17.77000 9.5848136013e-001
17.78000 9.5857559070e-001
17.79000 9.5866702627e-001
17.80000 9.5875578255e-001
17.81000 9.5884198593e-001
17.82000 9.5892577277e-001
17.83000 9.5900728853e-001
17.84000 9.5908668701e-001
17.85000 9.5916412943e-001
17.86000 9.5923978355e-001
17.87000 9.5931382276e-001
17.88000 9.5938642511e-001
17.89000 9.5945777238e-001
17.90000 9.5952804908e-001
17.91000 9.5959744154e-001
17.92000 9.5966613687e-001
17.93000 9.5973432207e-001
17.94000 9.5980218304e-001
17.95000 9.5986990365e-001
17.96000 9.5993766486e-001
17.97000 9.6000564379e-001
17.98000 9.6007401290e-001
17.99000 9.6014293916e-001
18.00000 9.6021258322e-001
18.01000 9.6028309876e-001
18.02000 9.6035463169e-001
18.03000 9.6042731956e-001
18.04000 9.6050129090e-001
18.05000 9.6057666475e-001
18.06000 9.6065355007e-001
18.07000 9.6073204535e-001
18.08000 9.6081223821e-001
18.09000 9.6089420508e-001
18.10000 9.6097801092e-001
18.11000 9.6106370900e-001
18.12000 9.6115134079e-001
18.13000 9.6124093585e-001
18.14000 9.6133251176e-001
18.15000 9.6142607424e-001
18.16000 9.6152161716e-001
18.17000 9.6161912272e-001
18.18000 9.6171856164e-001
18.19000 9.6181989344e-001
18.20000 9.6192306672e-001
18.21000 9.6202801953e-001
18.22000 9.6213467977e-001
18.23000 9.6224296565e-001
18.24000 9.6235278621e-001
18.25000 9.6246404180e-001
18.26000 9.6257662468e-001
18.27000 9.6269041964e-001
18.28000 9.6280530463e-001
18.29000 9.6292115140e-001
18.30000 9.6303782622e-001
18.31000 9.6315519056e-001
18.32000 9.6327310183e-001
18.33000 9.6339141412e-001
18.34000 9.6350997893e-001
18.35000 9.6362864595e-001
18.36000 9.6374726377e-001
18.37000 9.6386568068e-001
18.38000 9.6398374538e-001
18.39000 9.6410130774e-001
18.40000 9.6421821951e-001
18.41000 9.6433433506e-001
18.42000 9.6444951200e-001
18.43000 9.6456361195e-001
18.44000 9.6467650110e-001
18.45000 9.6478805086e-001
18.46000 9.6489813843e-001
18.47000 9.6500664738e-001
18.48000 9.6511346813e-001
18.49000 9.6521849846e-001
18.50000 9.6532164391e-001
18.51000 9.6542281821e-001
18.52000 9.6552194363e-001
18.53000 9.6561895128e-001
18.54000 9.6571378137e-001
18.55000 9.6580638343e-001
18.56000 9.6589671651e-001
18.57000 9.6598474927e-001
18.58000 9.6607046007e-001
18.59000 9.6615383699e-001
18.60000 9.6623487784e-001
18.61000 9.6631359010e-001
18.62000 9.6638999075e-001
18.63000 9.6646410620e-001
18.64000 9.6653597205e-001
18.65000 9.6660563287e-001
18.66000 9.6667314190e-001
18.67000 9.6673856077e-001
18.68000 9.6680195913e-001
18.69000 9.6686341425e-001
18.70000 9.6692301062e-001
18.71000 9.6698083953e-001
18.72000 9.6703699852e-001
18.73000 9.6709159097e-001
18.74000 9.6714472550e-001
18.75000 9.6719651548e-001
18.76000 9.6724707844e-001
18.77000 9.6729653554e-001
18.78000 9.6734501093e-001
18.79000 9.6739263121e-001
18.80000 9.6743952480e-001
18.81000 9.6748582136e-001
18.82000 9.6753165118e-001
18.83000 9.6757714459e-001
18.84000 9.6762243136e-001
18.85000 9.6766764015e-001
18.86000 9.6771289789e-001
18.87000 9.6775832925e-001
18.88000 9.6780405612e-001
18.89000 9.6785019704e-001
18.90000 9.6789686673e-001
18.91000 9.6794417557e-001
18.92000 9.6799222922e-001
18.93000 9.6804112808e-001
18.94000 9.6809096700e-001
18.95000 9.6814183481e-001
18.96000 9.6819381402e-001
18.97000 9.6824698053e-001
18.98000 9.6830140328e-001
18.99000 9.6835714407e-001
19.00000 9.6841425732e-001
19.01000 9.6847278989e-001
19.02000 9.6853278093e-001
19.03000 9.6859426180e-001
19.04000 9.6865725596e-001
19.05000 9.6872177897e-001
19.06000 9.6878783846e-001
19.07000 9.6885543420e-001
19.08000 9.6892455810e-001
19.09000 9.6899519438e-001
19.10000 9.6906731969e-001
19.11000 9.6914090324e-001
19.12000 9.6921590702e-001
19.13000 9.6929228605e-001
19.14000 9.6936998860e-001
19.15000 9.6944895648e-001
19.16000 9.6952912537e-001
19.17000 9.6961042511e-001
19.18000 9.6969278011e-001
19.19000 9.6977610968e-001
19.20000 9.6986032844e-001
19.21000 9.6994534675e-001
19.22000 9.7003107108e-001
19.23000 9.7011740454e-001
19.24000 9.7020424722e-001
19.25000 9.7029149676e-001
19.26000 9.7037904873e-001
19.27000 9.7046679715e-001
19.28000 9.7055463496e-001
19.29000 9.7064245446e-001
19.30000 9.7073014784e-001
19.31000 9.7081760759e-001
19.32000 9.7090472703e-001
19.33000 9.7099140071e-001
19.34000 9.7107752489e-001
19.35000 9.7116299798e-001
19.36000 9.7124772096e-001
19.37000 9.7133159778e-001
19.38000 9.7141453575e-001
19.39000 9.7149644597e-001
19.40000 9.7157724361e-001
19.41000 9.7165684831e-001
19.42000 9.7173518447e-001
19.43000 9.7181218153e-001
19.44000 9.7188777427e-001
19.45000 9.7196190302e-001
19.46000 9.7203451391e-001
19.47000 9.7210555904e-001
19.48000 9.7217499664e-001
19.49000 9.7224279125e-001
19.50000 9.7230891374e-001
19.51000 9.7237334151e-001
19.52000 9.7243605841e-001
19.53000 9.7249705490e-001
19.54000 9.7255632792e-001
19.55000 9.7261388095e-001
19.56000 9.7266972392e-001
19.57000 9.7272387311e-001
19.58000 9.7277635104e-001
19.59000 9.7282718637e-001
19.60000 9.7287641369e-001
19.61000 9.7292407336e-001
19.62000 9.7297021130e-001
19.63000 9.7301487876e-001
19.64000 9.7305813205e-001
19.65000 9.7310003230e-001
19.66000 9.7314064515e-001
19.67000 9.7318004047e-001
19.68000 9.7321829201e-001
19.69000 9.7325547709e-001
19.70000 9.7329167625e-001
19.71000 9.7332697290e-001
19.72000 9.7336145293e-001
19.73000 9.7339520439e-001
19.74000 9.7342831706e-001
19.75000 9.7346088211e-001
19.76000 9.7349299169e-001
19.77000 9.7352473858e-001
19.78000 9.7355621575e-001
19.79000 9.7358751604e-001
19.80000 9.7361873176e-001
19.81000 9.7364995431e-001
19.82000 9.7368127383e-001
19.83000 9.7371277884e-001
19.84000 9.7374455588e-001
19.85000 9.7377668921e-001
19.86000 9.7380926046e-001
19.87000 9.7384234832e-001
19.88000 9.7387602826e-001
19.89000 9.7391037224e-001
19.90000 9.7394544845e-001
19.91000 9.7398132108e-001
19.92000 9.7401805007e-001
19.93000 9.7405569090e-001
19.94000 9.7409429443e-001
19.95000 9.7413390671e-001
19.96000 9.7417456884e-001
19.97000 9.7421631684e-001
19.98000 9.7425918154e-001
19.99000 9.7430318850e-001
20.00000 9.7434835798e-001
20.01000 9.7439470483e-001
20.02000 9.7444223853e-001
20.03000 9.7449096318e-001
20.04000 9.7454087750e-001
20.05000 9.7459197491e-001
20.06000 9.7464424357e-001
20.07000 9.7469766647e-001
20.08000 9.7475222156e-001
20.09000 9.7480788183e-001
20.10000 9.7486461548e-001
20.11000 9.7492238609e-001
20.12000 9.7498115279e-001
20.13000 9.7504087044e-001
20.14000 9.7510148984e-001
20.15000 9.7516295797e-001
20.16000 9.7522521823e-001
20.17000 9.7528821066e-001
20.18000 9.7535187222e-001
20.19000 9.7541613707e-001
20.20000 9.7548093683e-001
20.21000 9.7554620085e-001
20.22000 9.7561185656e-001
20.23000 9.7567782971e-001
20.24000 9.7574404472e-001
20.25000 9.7581042494e-001
20.26000 9.7587689300e-001
20.27000 9.7594337109e-001
20.28000 9.7600978128e-001
20.29000 9.7607604582e-001
20.30000 9.7614208747e-001
20.31000 9.7620782973e-001
20.32000 9.7627319723e-001
20.33000 9.7633811592e-001
20.34000 9.7640251344e-001
20.35000 9.7646631932e-001
20.36000 9.7652946528e-001
20.37000 9.7659188547e-001
20.38000 9.7665351672e-001
20.39000 9.7671429873e-001
20.40000 9.7677417436e-001
20.41000 9.7683308977e-001
20.42000 9.7689099461e-001
20.43000 9.7694784224e-001
20.44000 9.7700358981e-001
20.45000 9.7705819850e-001
20.46000 9.7711163356e-001
20.47000 9.7716386445e-001
20.48000 9.7721486494e-001
20.49000 9.7726461317e-001
20.50000 9.7731309172e-001
20.51000 9.7736028763e-001
20.52000 9.7740619243e-001
20.53000 9.7745080217e-001
20.54000 9.7749411735e-001
20.55000 9.7753614296e-001
20.56000 9.7757688837e-001
20.57000 9.7761636731e-001
20.58000 9.7765459777e-001
20.59000 9.7769160190e-001
20.60000 9.7772740593e-001
20.61000 9.7776204002e-001
20.62000 9.7779553811e-001
20.63000 9.7782793781e-001
20.64000 9.7785928019e-001
20.65000 9.7788960965e-001
20.66000 9.7791897368e-001
20.67000 9.7794742269e-001
20.68000 9.7797500983e-001
20.69000 9.7800179072e-001
20.70000 9.7802782325e-001
20.71000 9.7805316737e-001
20.72000 9.7807788482e-001
20.73000 9.7810203891e-001
20.74000 9.7812569428e-001
20.75000 9.7814891662e-001
20.76000 9.7817177245e-001
20.77000 9.7819432886e-001
20.78000 9.7821665327e-001
20.79000 9.7823881315e-001
20.80000 9.7826087579e-001
20.81000 9.7828290807e-001
20.82000 9.7830497617e-001
20.83000 9.7832714539e-001
20.84000 9.7834947988e-001
20.85000 9.7837204241e-001
20.86000 9.7839489417e-001
20.87000 9.7841809454e-001
20.88000 9.7844170091e-001
20.89000 9.7846576845e-001
20.90000 9.7849034994e-001
20.91000 9.7851549562e-001
20.92000 9.7854125298e-001
20.93000 9.7856766663e-001
20.94000 9.7859477815e-001
20.95000 9.7862262597e-001
20.96000 9.7865124524e-001
20.97000 9.7868066775e-001
20.98000 9.7871092180e-001
20.99000 9.7874203215e-001
21.00000 9.7877401993e-001
21.01000 9.7880690263e-001
21.02000 9.7884069401e-001
21.03000 9.7887540410e-001
21.04000 9.7891103922e-001
21.05000 9.7894760193e-001
21.06000 9.7898509105e-001
21.07000 9.7902350175e-001
21.08000 9.7906282551e-001
21.09000 9.7910305024e-001
21.10000 9.7914416030e-001
21.11000 9.7918613663e-001
21.12000 9.7922895678e-001
21.13000 9.7927259506e-001
21.14000 9.7931702265e-001
21.15000 9.7936220769e-001
21.16000 9.7940811544e-001
21.17000 9.7945470844e-001
21.18000 9.7950194661e-001
21.19000 9.7954978747e-001
21.20000 9.7959818625e-001
21.21000 9.7964709611e-001
21.22000 9.7969646829e-001
21.23000 9.7974625233e-001
21.24000 9.7979639621e-001
21.25000 9.7984684661e-001
21.26000 9.7989754903e-001
21.27000 9.7994844807e-001
21.28000 9.7999948757e-001
21.29000 9.8005061087e-001
21.30000 9.8010176095e-001
21.31000 9.8015288071e-001
21.32000 9.8020391308e-001
21.33000 9.8025480134e-001
21.34000 9.8030548920e-001
21.35000 9.8035592108e-001
21.36000 9.8040604226e-001
21.37000 9.8045579909e-001
21.38000 9.8050513916e-001
21.39000 9.8055401148e-001
21.40000 9.8060236668e-001
21.41000 9.8065015710e-001
21.42000 9.8069733705e-001
21.43000 9.8074386287e-001
21.44000 9.8078969313e-001
21.45000 9.8083478871e-001
21.46000 9.8087911300e-001
21.47000 9.8092263193e-001
21.48000 9.8096531412e-001
21.49000 9.8100713099e-001
21.50000 9.8104805679e-001
21.51000 9.8108806873e-001
21.52000 9.8112714701e-001
21.53000 9.8116527488e-001
21.54000 9.8120243866e-001
21.55000 9.8123862782e-001
21.56000 9.8127383496e-001
21.57000 9.8130805582e-001
21.58000 9.8134128928e-001
21.59000 9.8137353736e-001
21.60000 9.8140480519e-001
21.61000 9.8143510094e-001
21.62000 9.8146443583e-001
21.63000 9.8149282404e-001
21.64000 9.8152028265e-001
21.65000 9.8154683155e-001
21.66000 9.8157249341e-001
21.67000 9.8159729350e-001
21.68000 9.8162125968e-001
21.69000 9.8164442220e-001
21.70000 9.8166681366e-001
21.71000 9.8168846885e-001
21.72000 9.8170942460e-001
21.73000 9.8172971970e-001
21.74000 9.8174939468e-001
21.75000 9.8176849173e-001
21.76000 9.8178705451e-001
21.77000 9.8180512802e-001
21.78000 9.8182275839e-001
21.79000 9.8183999277e-001
21.80000 9.8185687916e-001
21.81000 9.8187346621e-001
21.82000 9.8188980306e-001
21.83000 9.8190593920e-001
21.84000 9.8192192428e-001
21.85000 9.8193780796e-001
21.86000 9.8195363969e-001
21.87000 9.8196946863e-001
21.88000 9.8198534341e-001
21.89000 9.8200131202e-001
21.90000 9.8201742164e-001
21.91000 9.8203371846e-001
21.92000 9.8205024759e-001
21.93000 9.8206705286e-001
21.94000 9.8208417671e-001
21.95000 9.8210166005e-001
21.96000 9.8211954214e-001
21.97000 9.8213786047e-001
21.98000 9.8215665064e-001
21.99000 9.8217594624e-001
