50.00000 7.2372786129e-040
50.01000 7.9797933721e-040
50.02000 8.7981674208e-040
50.03000 9.7001498251e-040
50.04000 1.0694284243e-039
50.05000 1.1789989741e-039
50.06000 1.2997649453e-039
50.07000 1.4328707803e-039
50.08000 1.5795777060e-039
50.09000 1.7412754123e-039
50.10000 1.9194948478e-039
50.11000 2.1159222412e-039
50.12000 2.3324144686e-039
50.13000 2.5710159017e-039
50.14000 2.8339768867e-039
50.15000 3.1237740238e-039
50.16000 3.4431324385e-039
50.17000 3.7950502569e-039
50.18000 4.1828255242e-039
50.19000 4.6100858367e-039
50.20000 5.0808209835e-039
50.21000 5.5994189326e-039
50.22000 6.1707055312e-039
50.23000 6.7999883273e-039
50.24000 7.4931049653e-039
50.25000 8.2564766470e-039
50.26000 9.0971672013e-039
50.27000 1.0022948349e-038
50.28000 1.1042371804e-038
50.29000 1.2164848902e-038
50.30000 1.3400738510e-038
50.31000 1.4761444009e-038
50.32000 1.6259520237e-038
50.33000 1.7908791314e-038
50.34000 1.9724480348e-038
50.35000 2.1723352119e-038
50.36000 2.3923869888e-038
50.37000 2.6346367599e-038
50.38000 2.9013238828e-038
50.39000 3.1949143963e-038
50.40000 3.5181237217e-038
50.41000 3.8739415247e-038
50.42000 4.2656589315e-038
50.43000 4.6968983121e-038
50.44000 5.1716458698e-038
50.45000 5.6942872989e-038
50.46000 6.2696468063e-038
50.47000 6.9030298269e-038
50.48000 7.6002698016e-038
50.49000 8.3677794348e-038
50.50000 9.2126068961e-038
50.51000 1.0142497493e-037
50.52000 1.1165961400e-037
50.53000 1.2292348105e-037
50.54000 1.3531928307e-037
50.55000 1.4895984089e-037
50.56000 1.6396908265e-037
50.57000 1.8048313924e-037
50.58000 1.9865155267e-037
50.59000 2.1863860954e-037
50.60000 2.4062481297e-037
50.61000 2.6480850743e-037
50.62000 2.9140767206e-037
50.63000 3.2066189964e-037
50.64000 3.5283457925e-037
50.65000 3.8821530249e-037
50.66000 4.2712251421e-037
50.67000 4.6990643037e-037
50.68000 5.1695224742e-037
50.69000 5.6868366903e-037
50.70000 6.2556677826e-037
50.71000 6.8811428505e-037
50.72000 7.5689018170e-037
50.73000 8.3251484131e-037
50.74000 9.1567059734e-037
50.75000 1.0071078463e-036
50.76000 1.1076517188e-036
50.77000 1.2182093703e-036
50.78000 1.3397779463e-036
50.79000 1.4734532852e-036
50.80000 1.6204394275e-036
50.81000 1.7820590089e-036
50.82000 1.9597646254e-036
50.83000 2.1551512670e-036
50.84000 2.3699699310e-036
50.85000 2.6061425383e-036
50.86000 2.8657782914e-036
50.87000 3.1511916301e-036
50.88000 3.4649219592e-036
50.89000 3.8097553411e-036
50.90000 4.1887483695e-036
50.91000 4.6052544616e-036
50.92000 5.0629528308e-036
50.93000 5.5658804281e-036
50.94000 6.1184671643e-036
50.95000 6.7255747546e-036
50.96000 7.3925395548e-036
50.97000 8.1252197856e-036
50.98000 8.9300475742e-036
50.99000 9.8140862707e-036
51.00000 1.0785093530e-035
51.01000 1.1851590687e-035
51.02000 1.3022938975e-035
51.03000 1.4309423204e-035
51.04000 1.5722343523e-035
51.05000 1.7274115962e-035
51.06000 1.8978382492e-035
51.07000 2.0850131408e-035
51.08000 2.2905828888e-035
51.09000 2.5163562690e-035
51.10000 2.7643199010e-035
51.11000 3.0366553645e-035
51.12000 3.3357578732e-035
51.13000 3.6642566449e-035
51.14000 4.0250371266e-035
51.15000 4.4212652488e-035
51.16000 4.8564139065e-035
51.17000 5.3342918893e-035
51.18000 5.8590755095e-035
51.19000 6.4353432092e-035
51.20000 7.0681134622e-035
51.21000 7.7628863241e-035
51.22000 8.5256890263e-035
51.23000 9.3631260543e-035
51.24000 1.0282434200e-034
51.25000 1.1291543127e-034
51.26000 1.2399142046e-034
51.27000 1.3614753148e-034
51.28000 1.4948812509e-034
51.29000 1.6412759226e-034
51.30000 1.8019133630e-034
51.31000 1.9781685452e-034
51.32000 2.1715492918e-034
51.33000 2.3837093774e-034
51.34000 2.6164629357e-034
51.35000 2.8718002857e-034
51.36000 3.1519053007e-034
51.37000 3.4591744533e-034
51.38000 3.7962376755e-034
51.39000 4.1659811848e-034
51.40000 4.5715724372e-034
51.41000 5.0164873813e-034
51.42000 5.5045402018e-034
51.43000 6.0399157557e-034
51.44000 6.6272049277e-034
51.45000 7.2714431501e-034
51.46000 7.9781523610e-034
51.47000 8.7533867058e-034
51.48000 9.6037823212e-034
51.49000 1.0536611583e-033
51.50000 1.1559842251e-033
51.51000 1.2682201981e-033
51.52000 1.3913248770e-033
51.53000 1.5263447928e-033
51.54000 1.6744256270e-033
51.55000 1.8368214308e-033
51.56000 2.0149047303e-033
51.57000 2.2101776137e-033
51.58000 2.4242839072e-033
51.59000 2.6590225586e-033
51.60000 2.9163623559e-033
51.61000 3.1984581241e-033
51.62000 3.5076685533e-033
51.63000 3.8465758243e-033
51.64000 4.2180072099e-033
51.65000 4.6250588455e-033
51.66000 5.0711218725e-033
51.67000 5.5599111727e-033
51.68000 6.0954969256e-033
51.69000 6.6823392350e-033
51.70000 7.3253260842e-033
51.71000 8.0298148965e-033
51.72000 8.8016779962e-033
51.73000 9.6473522807e-033
51.74000 1.0573893442e-032
51.75000 1.1589035095e-032
51.76000 1.2701253204e-032
51.77000 1.3919836235e-032
51.78000 1.5254961488e-032
51.79000 1.6717778136e-032
51.80000 1.8320497523e-032
51.81000 2.0076491370e-032
51.82000 2.2000398577e-032
51.83000 2.4108241441e-032
51.84000 2.6417552168e-032
51.85000 2.8947510695e-032
51.86000 3.1719094974e-032
51.87000 3.4755244990e-032
51.88000 3.8081041969e-032
51.89000 4.1723904394e-032
51.90000 4.5713802657e-032
51.91000 5.0083494341e-032
51.92000 5.4868782397e-032
51.93000 6.0108798662e-032
51.94000 6.5846315422e-032
51.95000 7.2128087960e-032
51.96000 7.9005231292e-032
51.97000 8.6533634501e-032
51.98000 9.4774416375e-032
51.99000 1.0379442628e-031
52.00000 1.1366679443e-031
52.01000 1.2447153604e-031
52.02000 1.3629621394e-031
52.03000 1.4923666476e-031
52.04000 1.6339779375e-031
52.05000 1.7889444384e-031
52.06000 1.9585234479e-031
52.07000 2.1440914865e-031
52.08000 2.3471555804e-031
52.09000 2.5693655465e-031
52.10000 2.8125273540e-031
52.11000 3.0786176478e-031
52.12000 3.3697995257e-031
52.13000 3.6884396712e-031
52.14000 4.0371269540e-031
52.15000 4.4186926252e-031
52.16000 4.8362322491e-031
52.17000 5.2931295303e-031
52.18000 5.7930822176e-031
52.19000 6.3401302878e-031
52.20000 6.9386866400e-031
52.21000 7.5935705602e-031
52.22000 8.3100442483e-031
52.23000 9.0938527363e-031
52.24000 9.9512675623e-031
52.25000 1.0889134608e-030
52.26000 1.1914926551e-030
52.27000 1.3036800421e-030
52.28000 1.4263660803e-030
52.29000 1.5605229280e-030
52.30000 1.7072120725e-030
52.31000 1.8675927153e-030
52.32000 2.0429309828e-030
52.33000 2.2346100406e-030
52.34000 2.4441411933e-030
52.35000 2.6731760543e-030
52.36000 2.9235198762e-030
52.37000 3.1971461370e-030
52.38000 3.4962124810e-030
52.39000 3.8230781196e-030
52.40000 4.1803228020e-030
52.41000 4.5707674744e-030
52.42000 4.9974967509e-030
52.43000 5.4638833329e-030
52.44000 5.9736145200e-030
52.45000 6.5307209728e-030
52.46000 7.1396079016e-030
52.47000 7.8050888732e-030
52.48000 8.5324224537e-030
52.49000 9.3273519266e-030
52.50000 1.0196148361e-029
52.51000 1.1145657335e-029
52.52000 1.2183349671e-029
52.53000 1.3317376566e-029
52.54000 1.4556629574e-029
52.55000 1.5910805944e-029
52.56000 1.7390479876e-029
52.57000 1.9007180339e-029
52.58000 2.0773476156e-029
52.59000 2.2703069138e-029
52.60000 2.4810896144e-029
52.61000 2.7113241007e-029
52.62000 2.9627857357e-029
52.63000 3.2374103456e-029
52.64000 3.5373090249e-029
52.65000 3.8647843891e-029
52.66000 4.2223484112e-029
52.67000 4.6127419858e-029
52.68000 5.0389563687e-029
52.69000 5.5042566513e-029
52.70000 6.0122074337e-029
52.71000 6.5667008674e-029
52.72000 7.1719872500e-029
52.73000 7.8327083567e-029
52.74000 8.5539337108e-029
52.75000 9.3412000010e-029
52.76000 1.0200553871e-028
52.77000 1.1138598322e-028
52.78000 1.2162542991e-028
52.79000 1.3280258588e-028
52.80000 1.4500335815e-028
52.81000 1.5832149111e-028
52.82000 1.7285925628e-028
52.83000 1.8872819877e-028
52.84000 2.0604994547e-028
52.85000 2.2495708082e-028
52.86000 2.4559409651e-028
52.87000 2.6811842257e-028
52.88000 2.9270154829e-028
52.89000 3.1953024225e-028
52.90000 3.4880788215e-028
52.91000 3.8075590637e-028
52.92000 4.1561540026e-028
52.93000 4.5364883193e-028
52.94000 4.9514195333e-028
52.95000 5.4040588411e-028
52.96000 5.8977939703e-028
52.97000 6.4363142512e-028
52.98000 7.0236381207e-028
52.99000 7.6641432871e-028
53.00000 8.3625997960e-028
53.01000 9.1242062483e-028
53.02000 9.9546294335e-028
53.03000 1.0860047652e-027
53.04000 1.1847198007e-027
53.05000 1.2923427971e-027
53.06000 1.4096751513e-027
53.07000 1.5375910138e-027
53.08000 1.6770439146e-027
53.09000 1.8290739488e-027
53.10000 1.9948155593e-027
53.11000 2.1755059579e-027
53.12000 2.3724942298e-027
53.13000 2.5872511719e-027
53.14000 2.8213799177e-027
53.15000 3.0766274142e-027
53.16000 3.3548968168e-027
53.17000 3.6582608846e-027
53.18000 3.9889764641e-027
53.19000 4.3495001652e-027
53.20000 4.7425053462e-027
53.21000 5.1709005399e-027
53.22000 5.6378494726e-027
53.23000 6.1467928446e-027
53.24000 6.7014720636e-027
53.25000 7.3059551412e-027
53.26000 7.9646649892e-027
53.27000 8.6824103718e-027
53.28000 9.4644197959e-027
53.29000 1.0316378642e-026
53.30000 1.1244469866e-026
53.31000 1.2255418608e-026
53.32000 1.3356541096e-026
53.33000 1.4555798210e-026
53.34000 1.5861854119e-026
53.35000 1.7284140413e-026
53.36000 1.8832926152e-026
53.37000 2.0519394297e-026
53.38000 2.2355724962e-026
53.39000 2.4355185986e-026
53.40000 2.6532231307e-026
53.41000 2.8902607652e-026
53.42000 3.1483470103e-026
53.43000 3.4293507092e-026
53.44000 3.7353075463e-026
53.45000 4.0684346263e-026
53.46000 4.4311462014e-026
53.47000 4.8260706272e-026
53.48000 5.2560686414e-026
53.49000 5.7242530691e-026
53.50000 6.2340100739e-026
53.51000 6.7890220907e-026
53.52000 7.3932925957e-026
53.53000 8.0511728914e-026
53.54000 8.7673911090e-026
53.55000 9.5470836600e-026
53.56000 1.0395829395e-025
53.57000 1.1319686764e-025
53.58000 1.2325234309e-025
53.59000 1.3419614844e-025
53.60000 1.4610583725e-025
53.61000 1.5906561653e-025
53.62000 1.7316692461e-025
53.63000 1.8850906416e-025
53.64000 2.0519989544e-025
53.65000 2.2335659571e-025
53.66000 2.4310649051e-025
53.67000 2.6458796317e-025
53.68000 2.8795144867e-025
53.69000 3.1336051869e-025
53.70000 3.4099306434e-025
53.71000 3.7104258353e-025
53.72000 4.0371958003e-025
53.73000 4.3925308149e-025
53.74000 4.7789228386e-025
53.75000 5.1990833010e-025
53.76000 5.6559623142e-025
53.77000 6.1527693987e-025
53.78000 6.6929958192e-025
53.79000 7.2804386350e-025
53.80000 7.9192265824e-025
53.81000 8.6138479216e-025
53.82000 9.3691803965e-025
53.83000 1.0190523481e-024
53.84000 1.1083633105e-024
53.85000 1.2054759092e-024
53.86000 1.3110685558e-024
53.87000 1.4258774579e-024
53.88000 1.5507013459e-024
53.89000 1.6864065989e-024
53.90000 1.8339328121e-024
53.91000 1.9942988550e-024
53.92000 2.1686094742e-024
53.93000 2.3580624995e-024
53.94000 2.5639567179e-024
53.95000 2.7877004857e-024
53.96000 3.0308211534e-024
53.97000 3.2949753813e-024
53.98000 3.5819604316e-024
53.99000 3.8937265206e-024
54.00000 4.2323903243e-024
54.01000 4.6002497256e-024
54.02000 4.9997999018e-024
54.03000 5.4337508434e-024
54.04000 5.9050464054e-024
54.05000 6.4168849875e-024
54.06000 6.9727419440e-024
54.07000 7.5763938284e-024
54.08000 8.2319445768e-024
54.09000 8.9438537445e-024
54.10000 9.7169669153e-024
54.11000 1.0556548411e-023
54.12000 1.1468316444e-023
54.13000 1.2458480876e-023
54.14000 1.3533783757e-023
54.15000 1.4701542848e-023
54.16000 1.5969698376e-023
54.17000 1.7346863277e-023
54.18000 1.8842377261e-023
54.19000 2.0466365036e-023
54.20000 2.2229799146e-023
54.21000 2.4144567866e-023
54.22000 2.6223548719e-023
54.23000 2.8480688237e-023
54.24000 3.0931088628e-023
54.25000 3.3591102147e-023
54.26000 3.6478433994e-023
54.27000 3.9612254655e-023
54.28000 4.3013322693e-023
54.29000 4.6704119024e-023
54.30000 5.0708993807e-023
54.31000 5.5054327111e-023
54.32000 5.9768704577e-023
54.33000 6.4883109300e-023
54.34000 7.0431131226e-023
54.35000 7.6449195317e-023
54.36000 8.2976809802e-023
54.37000 9.0056835800e-023
54.38000 9.7735779617e-023
54.39000 1.0606410905e-022
54.40000 1.1509659503e-022
54.41000 1.2489267994e-022
54.42000 1.3551687414e-022
54.43000 1.4703918212e-022
54.44000 1.5953555999e-022
54.45000 1.7308840614e-022
54.46000 1.8778708707e-022
54.47000 2.0372850079e-022
54.48000 2.2101768043e-022
54.49000 2.3976844119e-022
54.50000 2.6010407434e-022
54.51000 2.8215809234e-022
54.52000 3.0607503014e-022
54.53000 3.3201130823e-022
54.54000 3.6013616406e-022
54.55000 3.9063265915e-022
54.56000 4.2369877041e-022
54.57000 4.5954857497e-022
54.58000 4.9841353915e-022
54.59000 5.4054392291e-022
54.60000 5.8621031228e-022
54.61000 6.3570529329e-022
54.62000 6.8934528156e-022
54.63000 7.4747252255e-022
54.64000 8.1045727810e-022
54.65000 8.7870021530e-022
54.66000 9.5263501397e-022
54.67000 1.0327312093e-021
54.68000 1.1194972861e-021
54.69000 1.2134840415e-021
54.70000 1.3152882314e-021
54.71000 1.4255565184e-021
54.72000 1.5449897362e-021
54.73000 1.6743474869e-021
54.74000 1.8144530885e-021
54.75000 1.9661988891e-021
54.76000 2.1305519662e-021
54.77000 2.3085602314e-021
54.78000 2.5013589625e-021
54.79000 2.7101777882e-021
54.80000 2.9363481541e-021
54.81000 3.1813113043e-021
54.82000 3.4466268179e-021
54.83000 3.7339817476e-021
54.84000 4.0452004137e-021
54.85000 4.3822549185e-021
54.86000 4.7472764556e-021
54.87000 5.1425674977e-021
54.88000 5.5706149623e-021
54.89000 6.0341044653e-021
54.90000 6.5359357855e-021
54.91000 7.0792396783e-021
54.92000 7.6673961873e-021
54.93000 8.3040546173e-021
54.94000 8.9931553417e-021
54.95000 9.7389536283e-021
54.96000 1.0546045675e-020
54.97000 1.1419397052e-020
54.98000 1.2364373753e-020
54.99000 1.3386776058e-020
55.00000 1.4492875413e-020
55.01000 1.5689454515e-020
55.02000 1.6983850817e-020
55.03000 1.8384003631e-020
55.04000 1.9898505022e-020
55.05000 2.1536654675e-020
55.06000 2.3308518927e-020
55.07000 2.5224994135e-020
55.08000 2.7297874591e-020
55.09000 2.9539925175e-020
55.10000 3.1964958980e-020
55.11000 3.4587920165e-020
55.12000 3.7424972322e-020
55.13000 4.0493592719e-020
55.14000 4.3812672806e-020
55.15000 4.7402625488e-020
55.16000 5.1285499733e-020
55.17000 5.5485103193e-020
55.18000 6.0027133653e-020
55.19000 6.4939320225e-020
55.20000 7.0251575386e-020
55.21000 7.5996159070e-020
55.22000 8.2207856240e-020
55.23000 8.8924169470e-020
55.24000 9.6185528274e-020
55.25000 1.0403551705e-019
55.26000 1.1252112367e-019
55.27000 1.2169301081e-019
55.28000 1.3160581239e-019
55.29000 1.4231845721e-019
55.30000 1.5389452248e-019
55.31000 1.6640261929e-019
55.32000 1.7991681262e-019
55.33000 1.9451707813e-019
55.34000 2.1028979800e-019
55.35000 2.2732829800e-019
55.36000 2.4573342788e-019
55.37000 2.6561418710e-019
55.38000 2.8708839784e-019
55.39000 3.1028342717e-019
55.40000 3.3533696039e-019
55.41000 3.6239782735e-019
55.42000 3.9162688418e-019
55.43000 4.2319795262e-019
55.44000 4.5729881986e-019
55.45000 4.9413230214e-019
55.46000 5.3391737612e-019
55.47000 5.7689038274e-019
55.48000 6.2330630937e-019
55.49000 6.7344015708e-019
55.50000 7.2758840144e-019
55.51000 7.8607055636e-019
55.52000 8.4923085254e-019
55.53000 9.1744004362e-019
55.54000 9.9109735507e-019
55.55000 1.0706325927e-018
55.56000 1.1565084295e-018
55.57000 1.2492228922e-018
55.58000 1.3493120683e-018
55.59000 1.4573530599e-018
55.60000 1.5739672064e-018
55.61000 1.6998236051e-018
55.62000 1.8356429536e-018
55.63000 1.9822017433e-018
55.64000 2.1403368280e-018
55.65000 2.3109503945e-018
55.66000 2.4950153612e-018
55.67000 2.6935812259e-018
55.68000 2.9077803868e-018
55.69000 3.1388349572e-018
55.70000 3.3880640929e-018
55.71000 3.6568918510e-018
55.72000 3.9468555981e-018
55.73000 4.2596149858e-018
55.74000 4.5969615127e-018
55.75000 4.9608286935e-018
55.76000 5.3533028607e-018
55.77000 5.7766346266e-018
55.78000 6.2332510432e-018
55.79000 6.7257685020e-018
55.80000 7.2570064298e-018
55.81000 7.8300018463e-018
55.82000 8.4480248628e-018
55.83000 9.1145952213e-018
55.84000 9.8334999864e-018
55.85000 1.0608812525e-017
55.86000 1.1444912927e-017
55.87000 1.2346510047e-017
55.88000 1.3318665361e-017
55.89000 1.4366818847e-017
55.90000 1.5496817149e-017
55.91000 1.6714944254e-017
55.92000 1.8027954966e-017
55.93000 1.9443111438e-017
55.94000 2.0968223077e-017
55.95000 2.2611690061e-017
55.96000 2.4382550799e-017
55.97000 2.6290533567e-017
55.98000 2.8346112600e-017
55.99000 3.0560568882e-017
56.00000 3.2946055849e-017
56.01000 3.5515670218e-017
56.02000 3.8283528118e-017
56.03000 4.1264846697e-017
56.04000 4.4476031352e-017
56.05000 4.7934768733e-017
56.06000 5.1660125671e-017
56.07000 5.5672654188e-017
56.08000 5.9994502796e-017
56.09000 6.4649534307e-017
56.10000 6.9663450457e-017
56.11000 7.5063923728e-017
56.12000 8.0880736840e-017
56.13000 8.7145930524e-017
56.14000 9.3893960327e-017
56.15000 1.0116186336e-016
56.16000 1.0898943609e-016
56.17000 1.1741942452e-016
56.18000 1.2649772819e-016
56.19000 1.3627361988e-016
56.20000 1.4679998286e-016
56.21000 1.5813356794e-016
56.22000 1.7033527275e-016
56.23000 1.8347044575e-016
56.24000 1.9760921775e-016
56.25000 2.1282686377e-016
56.26000 2.2920419807e-016
56.27000 2.4682800539e-016
56.28000 2.6579151103e-016
56.29000 2.8619489272e-016
56.30000 3.0814583670e-016
56.31000 3.3176014045e-016
56.32000 3.5716236421e-016
56.33000 3.8448653304e-016
56.34000 4.1387689126e-016
56.35000 4.4548871040e-016
56.36000 4.7948915194e-016
56.37000 5.1605818591e-016
56.38000 5.5538956629e-016
56.39000 5.9769186433e-016
56.40000 6.4318956105e-016
56.41000 6.9212420060e-016
56.42000 7.4475560677e-016
56.43000 8.0136316562e-016
56.44000 8.6224717823e-016
56.45000 9.2773028882e-016
56.46000 9.9815899487e-016
56.47000 1.0739052475e-015
56.48000 1.1553681525e-015
56.49000 1.2429757839e-015
56.50000 1.3371871247e-015
56.51000 1.4384941517e-015
56.52000 1.5474240829e-015
56.53000 1.6645418085e-015
56.54000 1.7904525297e-015
56.55000 1.9258046294e-015
56.56000 2.0712928012e-015
56.57000 2.2276614657e-015
56.58000 2.3957084998e-015
56.59000 2.5762893088e-015
56.60000 2.7703212686e-015
56.61000 2.9787885618e-015
56.62000 3.2027474353e-015
56.63000 3.4433318973e-015
56.64000 3.7017598758e-015
56.65000 3.9793398525e-015
56.66000 4.2774779861e-015
56.67000 4.5976857338e-015
56.68000 4.9415879791e-015
56.69000 5.3109316722e-015
56.70000 5.7075949852e-015
56.71000 6.1335969892e-015
56.72000 6.5911078587e-015
56.73000 7.0824596121e-015
56.74000 7.6101574049e-015
56.75000 8.1768913953e-015
56.76000 8.7855492148e-015
56.77000 9.4392290857e-015
56.78000 1.0141253643e-014
56.79000 1.0895184530e-014
56.80000 1.1704837863e-014
56.81000 1.2574300673e-014
56.82000 1.3507948449e-014
56.83000 1.4510463949e-014
56.84000 1.5586857446e-014
56.85000 1.6742488598e-014
56.86000 1.7983090172e-014
56.87000 1.9314793849e-014
56.88000 2.0744158346e-014
56.89000 2.2278200128e-014
56.90000 2.3924426954e-014
56.91000 2.5690874517e-014
56.92000 2.7586146431e-014
56.93000 2.9619457794e-014
56.94000 3.1800682533e-014
56.95000 3.4140404728e-014
56.96000 3.6649974065e-014
56.97000 3.9341565536e-014
56.98000 4.2228243485e-014
56.99000 4.5324030045e-014
57.00000 4.8643978009e-014
57.01000 5.2204248129e-014
57.02000 5.6022190834e-014
57.03000 6.0116432378e-014
57.04000 6.4506965392e-014
57.05000 6.9215243894e-014
57.06000 7.4264282818e-014
57.07000 7.9678762213e-014
57.08000 8.5485136321e-014
57.09000 9.1711747891e-014
57.10000 9.8388948166e-014
57.11000 1.0554922317e-013
57.12000 1.1322732703e-013
57.13000 1.2146042341e-013
57.14000 1.3028823597e-013
57.15000 1.3975320953e-013
57.16000 1.4990068318e-013
57.17000 1.6077907723e-013
57.18000 1.7244009601e-013
57.19000 1.8493894832e-013
57.20000 1.9833458798e-013
57.21000 2.1268997656e-013
57.22000 2.2807237063e-013
57.23000 2.4455363574e-013
57.24000 2.6221058924e-013
57.25000 2.8112537389e-013
57.26000 3.0138586403e-013
57.27000 3.2308610576e-013
57.28000 3.4632679231e-013
57.29000 3.7121577535e-013
57.30000 3.9786861286e-013
57.31000 4.2640915349e-013
57.32000 4.5697015760e-013
57.33000 4.8969395426e-013
57.34000 5.2473313396e-013
57.35000 5.6225127640e-013
57.36000 6.0242371287e-013
57.37000 6.4543832301e-013
57.38000 6.9149636619e-013
57.39000 7.4081334822e-013
57.40000 7.9361992495e-013
57.41000 8.5016284527e-013
57.42000 9.1070593711e-013
57.43000 9.7553114147e-013
57.44000 1.0449396009e-012
57.45000 1.1192528107e-012
57.46000 1.1988138418e-012
57.47000 1.2839886488e-012
57.48000 1.3751674735e-012
57.49000 1.4727663620e-012
57.50000 1.5772288090e-012
57.51000 1.6890275486e-012
57.52000 1.8086665096e-012
57.53000 1.9366829535e-012
57.54000 2.0736498148e-012
57.55000 2.2201782614e-012
57.56000 2.3769204924e-012
57.57000 2.5445727885e-012
57.58000 2.7238788281e-012
57.59000 2.9156332797e-012
57.60000 3.1206856785e-012
57.61000 3.3399445905e-012
57.62000 3.5743820662e-012
57.63000 3.8250383811e-012
57.64000 4.0930270591e-012
57.65000 4.3795401713e-012
57.66000 4.6858539026e-012
57.67000 5.0133343769e-012
57.68000 5.3634437342e-012
57.69000 5.7377464530e-012
57.70000 6.1379159171e-012
57.71000 6.5657412292e-012
57.72000 7.0231342820e-012
57.73000 7.5121371047e-012
57.74000 8.0349295137e-012
57.75000 8.5938371074e-012
57.76000 9.1913396577e-012
57.77000 9.8300799643e-012
57.78000 1.0512873253e-011
57.79000 1.1242717213e-011
57.80000 1.2022802780e-011
57.81000 1.2856525795e-011
57.82000 1.3747499661e-011
57.83000 1.4699569149e-011
57.84000 1.5716825495e-011
57.85000 1.6803622949e-011
57.86000 1.7964596904e-011
57.87000 1.9204683761e-011
57.88000 2.0529142659e-011
57.89000 2.1943579164e-011
57.90000 2.3453971024e-011
57.91000 2.5066696051e-011
57.92000 2.6788562160e-011
57.93000 2.8626839589e-011
57.94000 3.0589295260e-011
57.95000 3.2684229262e-011
57.96000 3.4920513361e-011
57.97000 3.7307631472e-011
57.98000 3.9855721979e-011
57.99000 4.2575621825e-011
58.00000 4.5478912259e-011
58.01000 4.8577966188e-011
58.02000 5.1885997098e-011
58.03000 5.5417109532e-011
58.04000 5.9186351213e-011
58.05000 6.3209766947e-011
58.06000 6.7504454509e-011
58.07000 7.2088622858e-011
58.08000 7.6981653079e-011
58.09000 8.2204162592e-011
58.10000 8.7778073280e-011
58.11000 9.3726684282e-011
58.12000 1.0007475033e-010
58.13000 1.0684856656e-010
58.14000 1.1407606093e-010
58.15000 1.2178689519e-010
58.16000 1.3001257568e-010
58.17000 1.3878657498e-010
58.18000 1.4814446559e-010
58.19000 1.5812406648e-010
58.20000 1.6876560356e-010
58.21000 1.8011188475e-010
58.22000 1.9220849004e-010
58.23000 2.0510397714e-010
58.24000 2.1885010243e-010
58.25000 2.3350205749e-010
58.26000 2.4911872040e-010
58.27000 2.6576292150e-010
58.28000 2.8350172277e-010
58.29000 3.0240670979e-010
58.30000 3.2255429553e-010
58.31000 3.4402603484e-010
58.32000 3.6690894888e-010
58.33000 3.9129585873e-010
58.34000 4.1728572793e-010
58.35000 4.4498401375e-010
58.36000 4.7450302787e-010
58.37000 5.0596230746e-010
58.38000 5.3948899835e-010
58.39000 5.7521825296e-010
58.40000 6.1329364613e-010
58.41000 6.5386761314e-010
58.42000 6.9710191483e-010
58.43000 7.4316813573e-010
58.44000 7.9224822177e-010
58.45000 8.4453506480e-010
58.46000 9.0023314165e-010
58.47000 9.5955921577e-010
58.48000 1.0227431095e-009
58.49000 1.0900285550e-009
58.50000 1.1616741308e-009
58.51000 1.2379542910e-009
58.52000 1.3191604924e-009
58.53000 1.4056024232e-009
58.54000 1.4976093367e-009
58.55000 1.5955314893e-009
58.56000 1.6997416830e-009
58.57000 1.8106369087e-009
58.58000 1.9286400851e-009
58.59000 2.0542018880e-009
58.60000 2.1878026615e-009
58.61000 2.3299544032e-009
58.62000 2.4812028150e-009
58.63000 2.6421294112e-009
58.64000 2.8133536766e-009
58.65000 2.9955352689e-009
58.66000 3.1893762635e-009
58.67000 3.3956234397e-009
58.68000 3.6150706135e-009
58.69000 3.8485610244e-009
58.70000 4.0969897923e-009
58.71000 4.3613064618e-009
58.72000 4.6425176616e-009
58.73000 4.9416899091e-009
58.74000 5.2599525981e-009
58.75000 5.5985012137e-009
58.76000 5.9586008211e-009
58.77000 6.3415898807e-009
58.78000 6.7488844436e-009
58.79000 7.1819827832e-009
58.80000 7.6424705160e-009
58.81000 8.1320262636e-009
58.82000 8.6524279005e-009
58.83000 9.2055594274e-009
58.84000 9.7934184971e-009
58.85000 1.0418124612e-008
58.86000 1.1081927995e-008
58.87000 1.1787219129e-008
58.88000 1.2536538942e-008
58.89000 1.3332589595e-008
58.90000 1.4178245834e-008
58.91000 1.5076566848e-008
58.92000 1.6030808564e-008
58.93000 1.7044436306e-008
58.94000 1.8121137772e-008
58.95000 1.9264836241e-008
58.96000 2.0479703971e-008
58.97000 2.1770175760e-008
58.98000 2.3140962632e-008
58.99000 2.4597065675e-008
59.00000 2.6143790066e-008
59.01000 2.7786759357e-008
59.02000 2.9531930128e-008
59.03000 3.1385607165e-008
59.04000 3.3354459357e-008
59.05000 3.5445536533e-008
59.06000 3.7666287525e-008
59.07000 4.0024579748e-008
59.08000 4.2528720636e-008
59.09000 4.5187481276e-008
59.10000 4.8010122609e-008
59.11000 5.1006424534e-008
59.12000 5.4186718265e-008
59.13000 5.7561922223e-008
59.14000 6.1143581728e-008
59.15000 6.4943912667e-008
59.16000 6.8975849260e-008
59.17000 7.3253095938e-008
59.18000 7.7790183274e-008
59.19000 8.2602527799e-008
59.20000 8.7706495460e-008
59.21000 9.3119468366e-008
59.22000 9.8859914424e-008
59.23000 1.0494745940e-007
59.24000 1.1140296088e-007
59.25000 1.1824858373e-007
59.26000 1.2550787643e-007
59.27000 1.3320584798e-007
59.28000 1.4136904507e-007
59.29000 1.5002562924e-007
59.30000 1.5920545404e-007
59.31000 1.6894014240e-007
59.32000 1.7926316443e-007
59.33000 1.9020991650e-007
59.34000 2.0181780226e-007
59.35000 2.1412631680e-007
59.36000 2.2717713545e-007
59.37000 2.4101420863e-007
59.38000 2.5568386480e-007
59.39000 2.7123492349e-007
59.40000 2.8771882043e-007
59.41000 3.0518974717e-007
59.42000 3.2370480717e-007
59.43000 3.4332419057e-007
59.44000 3.6411136934e-007
59.45000 3.8613331444e-007
59.46000 4.0946073604e-007
59.47000 4.3416834745e-007
59.48000 4.6033515287e-007
59.49000 4.8804475840e-007
59.50000 5.1738570517e-007
59.51000 5.4845182297e-007
59.52000 5.8134260186e-007
59.53000 6.1616357926e-007
59.54000 6.5302673919e-007
59.55000 6.9205092040e-007
59.56000 7.3336223002e-007
59.57000 7.7709445941e-007
59.58000 8.2338949938e-007
59.59000 8.7239775238e-007
59.60000 9.2427854021e-007
59.61000 9.7920050645e-007
59.62000 1.0373420145e-006
59.63000 1.0988915428e-006
59.64000 1.1640480809e-006
59.65000 1.2330215312e-006
59.66000 1.3060331229e-006
59.67000 1.3833158458e-006
59.68000 1.4651149144e-006
59.69000 1.5516882727e-006
59.70000 1.6433071506e-006
59.71000 1.7402566862e-006
59.72000 1.8428366258e-006
59.73000 1.9513621144e-006
59.74000 2.0661645879e-006
59.75000 2.1875927793e-006
59.76000 2.3160138455e-006
59.77000 2.4518146218e-006
59.78000 2.5954030072e-006
59.79000 2.7472094796e-006
59.80000 2.9076887377e-006
59.81000 3.0773214606e-006
59.82000 3.2566161757e-006
59.83000 3.4461112177e-006
59.84000 3.6463767629e-006
59.85000 3.8580169178e-006
59.86000 4.0816718420e-006
59.87000 4.3180198819e-006
59.88000 4.5677796982e-006
59.89000 4.8317123642e-006
59.90000 5.1106234248e-006
59.91000 5.4053649016e-006
59.92000 5.7168372429e-006
59.93000 6.0459912182e-006
59.94000 6.3938297701e-006
59.95000 6.7614098402e-006
59.96000 7.1498441976e-006
59.97000 7.5603033077e-006
59.98000 7.9940172852e-006
59.99000 8.4522779869e-006
60.00000 8.9364413047e-006
60.01000 9.4479297261e-006
60.02000 9.9882352311e-006
60.03000 1.0558922598e-005
60.04000 1.1161633189e-005
60.05000 1.1798089272e-005
60.06000 1.2470098950e-005
60.07000 1.3179561722e-005
60.08000 1.3928474725e-005
60.09000 1.4718939649e-005
60.10000 1.5553170333e-005
60.11000 1.6433501001e-005
60.12000 1.7362395088e-005
60.13000 1.8342454596e-005
60.14000 1.9376429862e-005
60.15000 2.0467229660e-005
60.16000 2.1617931499e-005
60.17000 2.2831792000e-005
60.18000 2.4112257221e-005
60.19000 2.5462972817e-005
60.20000 2.6887793922e-005
60.21000 2.8390794678e-005
60.22000 2.9976277338e-005
60.23000 3.1648780934e-005
60.24000 3.3413089514e-005
60.25000 3.5274240017e-005
60.26000 3.7237529884e-005
60.27000 3.9308524567e-005
60.28000 4.1493065142e-005
60.29000 4.3797276282e-005
60.30000 4.6227574873e-005
60.31000 4.8790679627e-005
60.32000 5.1493622031e-005
60.33000 5.4343759018e-005
60.34000 5.7348787732e-005
60.35000 6.0516762734e-005
60.36000 6.3856115989e-005
60.37000 6.7375679896e-005
60.38000 7.1084713559e-005
60.39000 7.4992932420e-005
60.40000 7.9110541268e-005
60.41000 8.3448270512e-005
60.42000 8.8017415525e-005
60.43000 9.2829878702e-005
60.44000 9.7898213813e-005
60.45000 1.0323567209e-004
60.46000 1.0885624944e-004
60.47000 1.1477473413e-004
60.48000 1.2100675420e-004
60.49000 1.2756882397e-004
60.50000 1.3447838894e-004
60.51000 1.4175386869e-004
60.52000 1.4941469705e-004
60.53000 1.5748135964e-004
60.54000 1.6597542835e-004
60.55000 1.7491959318e-004
60.56000 1.8433769159e-004
60.57000 1.9425473619e-004
60.58000 2.0469694143e-004
60.59000 2.1569175067e-004
60.60000 2.2726786477e-004
60.61000 2.3945527396e-004
60.62000 2.5228529460e-004
60.63000 2.6579061269e-004
60.64000 2.8000533609e-004
60.65000 2.9496505720e-004
60.66000 3.1070692783e-004
60.67000 3.2726974773e-004
60.68000 3.4469406801e-004
60.69000 3.6302231011e-004
60.70000 3.8229890070e-004
60.71000 4.0257042211e-004
60.72000 4.2388577753e-004
60.73000 4.4629636946e-004
60.74000 4.6985628938e-004
60.75000 4.9462251595e-004
60.76000 5.2065511887e-004
60.77000 5.4801746482e-004
60.78000 5.7677642209e-004
60.79000 6.0700256008e-004
60.80000 6.3877034049e-004
60.81000 6.7215829678e-004
60.82000 7.0724919960e-004
60.83000 7.4413020613e-004
60.84000 7.8289299253e-004
60.85000 8.2363386934e-004
60.86000 8.6645388129e-004
60.87000 9.1145889372e-004
60.88000 9.5875966945e-004
60.89000 1.0084719409e-003
60.90000 1.0607164837e-003
60.91000 1.1156191989e-003
60.92000 1.1733112112e-003
60.93000 1.2339289935e-003
60.94000 1.2976145242e-003
60.95000 1.3645154879e-003
60.96000 1.4347855273e-003
60.97000 1.5085845529e-003
60.98000 1.5860791175e-003
60.99000 1.6674428585e-003
61.00000 1.7528570102e-003
61.01000 1.8425109850e-003
61.02000 1.9366030201e-003
61.03000 2.0353408824e-003
61.04000 2.1389426224e-003
61.05000 2.2476373653e-003
61.06000 2.3616661229e-003
61.07000 2.4812826123e-003
61.08000 2.6067540619e-003
61.09000 2.7383619876e-003
61.10000 2.8764029215e-003
61.11000 3.0211890779e-003
61.12000 3.1730489419e-003
61.13000 3.3323277704e-003
61.14000 3.4993880007e-003
61.15000 3.6746095628e-003
61.16000 3.8583901013e-003
61.17000 4.0511451148e-003
61.18000 4.2533080293e-003
61.19000 4.4653302261e-003
61.20000 4.6876810505e-003
61.21000 4.9208478338e-003
61.22000 5.1653359629e-003
61.23000 5.4216690355e-003
61.24000 5.6903891417e-003
61.25000 5.9720573089e-003
61.26000 6.2672541477e-003
61.27000 6.5765807299e-003
61.28000 6.9006597235e-003
61.29000 7.2401368010e-003
61.30000 7.5956823270e-003
61.31000 7.9679933161e-003
61.32000 8.3577956432e-003
61.33000 8.7658464709e-003
61.34000 9.1929368451e-003
61.35000 9.6398944006e-003
61.36000 1.0107586104e-002
61.37000 1.0596920956e-002
61.38000 1.1108852564e-002
61.39000 1.1644381507e-002
61.40000 1.2204557401e-002
61.41000 1.2790480595e-002
61.42000 1.3403303434e-002
61.43000 1.4044231026e-002
61.44000 1.4714521504e-002
61.45000 1.5415485760e-002
61.46000 1.6148486668e-002
61.47000 1.6914937841e-002
61.48000 1.7716301996e-002
61.49000 1.8554089006e-002
61.50000 1.9429853765e-002
61.51000 2.0345194008e-002
61.52000 2.1301748217e-002
61.53000 2.2301193800e-002
61.54000 2.3345245684e-002
61.55000 2.4435655487e-002
61.56000 2.5574211411e-002
61.57000 2.6762738961e-002
61.58000 2.8003102582e-002
61.59000 2.9297208232e-002
61.60000 3.0647006892e-002
61.61000 3.2054498926e-002
61.62000 3.3521739161e-002
61.63000 3.5050842493e-002
61.64000 3.6643989752e-002
61.65000 3.8303433545e-002
61.66000 4.0031503713e-002
61.67000 4.1830612037e-002
61.68000 4.3703255826e-002
61.69000 4.5652019990e-002
61.70000 4.7679577289e-002
61.71000 4.9788686438e-002
61.72000 5.1982187856e-002
61.73000 5.4262996913e-002
61.74000 5.6634094629e-002
61.75000 5.9098515893e-002
61.76000 6.1659335371e-002
61.77000 6.4319651403e-002
61.78000 6.7082568283e-002
61.79000 6.9951177425e-002
61.80000 7.2928537991e-002
61.81000 7.6017657636e-002
61.82000 7.9221474025e-002
61.83000 8.2542837809e-002
61.84000 8.5984497699e-002
61.85000 8.9549088176e-002
61.86000 9.3239120313e-002
61.87000 9.7056975962e-002
61.88000 1.0100490544e-001
61.89000 1.0508502859e-001
61.90000 1.0929933886e-001
61.91000 1.1364970987e-001
61.92000 1.1813790367e-001
61.93000 1.2276557962e-001
61.94000 1.2753430295e-001
61.95000 1.3244555152e-001
61.96000 1.3750071981e-001
61.97000 1.4270111870e-001
61.98000 1.4804797012e-001
61.99000 1.5354239563e-001
62.00000 1.5918539842e-001
62.01000 1.6497783845e-001
62.02000 1.7092040084e-001
62.03000 1.7701355818e-001
62.04000 1.8325752761e-001
62.05000 1.8965222408e-001
62.06000 1.9619721155e-001
62.07000 2.0289165409e-001
62.08000 2.0973426907e-001
62.09000 2.1672328478e-001
62.10000 2.2385640474e-001
62.11000 2.3113078077e-001
62.12000 2.3854299682e-001
62.13000 2.4608906478e-001
62.14000 2.5376443338e-001
62.15000 2.6156401041e-001
62.16000 2.6948219791e-001
62.17000 2.7751293930e-001
62.18000 2.8564977672e-001
62.19000 2.9388591622e-001
62.20000 3.0221429801e-001
62.21000 3.1062766846e-001
62.22000 3.1911865064e-001
62.23000 3.2767980977e-001
62.24000 3.3630371083e-001
62.25000 3.4498296523e-001
62.26000 3.5371026488e-001
62.27000 3.6247840209e-001
62.28000 3.7128027509e-001
62.29000 3.8010887954e-001
62.30000 3.8895728755e-001
62.31000 3.9781861644e-001
62.32000 4.0668599012e-001
62.33000 4.1555249667e-001
62.34000 4.2441114589e-001
62.35000 4.3325483066e-001
62.36000 4.4207629596e-001
62.37000 4.5086811891e-001
62.38000 4.5962270251e-001
62.39000 4.6833228523e-001
62.40000 4.7698896753e-001
62.41000 4.8558475535e-001
62.42000 4.9411161966e-001
62.43000 5.0256157023e-001
62.44000 5.1092674060e-001
62.45000 5.1919948083e-001
62.46000 5.2737245360e-001
62.47000 5.3543872943e-001
62.48000 5.4339187606e-001
62.49000 5.5122603791e-001
62.50000 5.5893600137e-001
62.51000 5.6651724282e-001
62.52000 5.7396595696e-001
62.53000 5.8127906399e-001
62.54000 5.8845419546e-001
62.55000 5.9548965954e-001
62.56000 6.0238438771e-001
62.57000 6.0913786546e-001
62.58000 6.1575005083e-001
62.59000 6.2222128471e-001
62.60000 6.2855219735e-001
62.61000 6.3474361572e-001
62.62000 6.4079647588e-001
62.63000 6.4671174442e-001
62.64000 6.5249035232e-001
62.65000 6.5813314387e-001
62.66000 6.6364084248e-001
62.67000 6.6901403425e-001
62.68000 6.7425316928e-001
62.69000 6.7935857978e-001
62.70000 6.8433051332e-001
62.71000 6.8916917848e-001
62.72000 6.9387480021e-001
62.73000 6.9844768107e-001
62.74000 7.0288826489e-001
62.75000 7.0719719890e-001
62.76000 7.1137539095e-001
62.77000 7.1542405829e-001
62.78000 7.1934476541e-001
62.79000 7.2313944851e-001
62.80000 7.2681042532e-001
62.81000 7.3036038958e-001
62.82000 7.3379239013e-001
62.83000 7.3710979576e-001
62.84000 7.4031624711e-001
62.85000 7.4341559793e-001
62.86000 7.4641184836e-001
62.87000 7.4930907310e-001
62.88000 7.5211134770e-001
62.89000 7.5482267617e-001
62.90000 7.5744692282e-001
62.91000 7.5998775132e-001
62.92000 7.6244857321e-001
62.93000 7.6483250790e-001
62.94000 7.6714235547e-001
62.95000 7.6938058313e-001
62.96000 7.7154932545e-001
62.97000 7.7365039802e-001
62.98000 7.7568532342e-001
62.99000 7.7765536822e-001
63.00000 7.7956158887e-001
63.01000 7.8140488432e-001
63.02000 7.8318605287e-001
63.03000 7.8490585059e-001
63.04000 7.8656504866e-001
63.05000 7.8816448718e-001
63.06000 7.8970512305e-001
63.07000 7.9118806992e-001
63.08000 7.9261462865e-001
63.09000 7.9398630711e-001
63.10000 7.9530482863e-001
63.11000 7.9657212888e-001
63.12000 7.9779034174e-001
63.13000 7.9896177478e-001
63.14000 8.0008887573e-001
63.15000 8.0117419153e-001
63.16000 8.0222032189e-001
63.17000 8.0322986945e-001
63.18000 8.0420538876e-001
63.19000 8.0514933622e-001
63.20000 8.0606402315e-001
63.21000 8.0695157392e-001
63.22000 8.0781389074e-001
63.23000 8.0865262664e-001
63.24000 8.0946916738e-001
63.25000 8.1026462325e-001
63.26000 8.1103983065e-001
63.27000 8.1179536344e-001
63.28000 8.1253155348e-001
63.29000 8.1324851928e-001
63.30000 8.1394620171e-001
63.31000 8.1462440506e-001
63.32000 8.1528284189e-001
63.33000 8.1592117979e-001
63.34000 8.1653908817e-001
63.35000 8.1713628322e-001
63.36000 8.1771256930e-001
63.37000 8.1826787516e-001
63.38000 8.1880228373e-001
63.39000 8.1931605421e-001
63.40000 8.1980963592e-001
63.41000 8.2028367338e-001
63.42000 8.2073900258e-001
63.43000 8.2117663882e-001
63.44000 8.2159775667e-001
63.45000 8.2200366305e-001
63.46000 8.2239576456e-001
63.47000 8.2277553059e-001
63.48000 8.2314445357e-001
63.49000 8.2350400819e-001
63.50000 8.2385561099e-001
63.51000 8.2420058221e-001
63.52000 8.2454011105e-001
63.53000 8.2487522590e-001
63.54000 8.2520677054e-001
63.55000 8.2553538714e-001
63.56000 8.2586150673e-001
63.57000 8.2618534730e-001
63.58000 8.2650691968e-001
63.59000 8.2682604073e-001
63.60000 8.2714235340e-001
63.61000 8.2745535278e-001
63.62000 8.2776441709e-001
63.63000 8.2806884245e-001
63.64000 8.2836787999e-001
63.65000 8.2866077397e-001
63.66000 8.2894679951e-001
63.67000 8.2922529832e-001
63.68000 8.2949571140e-001
63.69000 8.2975760720e-001
63.70000 8.3001070456e-001
63.71000 8.3025488931e-001
63.72000 8.3049022429e-001
63.73000 8.3071695219e-001
63.74000 8.3093549147e-001
63.75000 8.3114642540e-001
63.76000 8.3135048483e-001
63.77000 8.3154852534e-001
63.78000 8.3174149976e-001
63.79000 8.3193042714e-001
63.80000 8.3211635931e-001
63.81000 8.3230034638e-001
63.82000 8.3248340240e-001
63.83000 8.3266647258e-001
63.84000 8.3285040307e-001
63.85000 8.3303591453e-001
63.86000 8.3322358039e-001
63.87000 8.3341381049e-001
63.88000 8.3360684070e-001
63.89000 8.3380272883e-001
63.90000 8.3400135687e-001
63.91000 8.3420243949e-001
63.92000 8.3440553840e-001
63.93000 8.3461008201e-001
63.94000 8.3481538960e-001
63.95000 8.3502069925e-001
63.96000 8.3522519824e-001
63.97000 8.3542805506e-001
63.98000 8.3562845171e-001
63.99000 8.3582561523e-001
64.00000 8.3601884725e-001
64.01000 8.3620755057e-001
64.02000 8.3639125190e-001
64.03000 8.3656961976e-001
64.04000 8.3674247728e-001
64.05000 8.3690980916e-001
64.06000 8.3707176278e-001
64.07000 8.3722864344e-001
64.08000 8.3738090394e-001
64.09000 8.3752912894e-001
64.10000 8.3767401464e-001
64.11000 8.3781634473e-001
64.12000 8.3795696326e-001
64.13000 8.3809674560e-001
64.14000 8.3823656850e-001
64.15000 8.3837728026e-001
64.16000 8.3851967207e-001
64.17000 8.3866445157e-001
64.18000 8.3881221950e-001
64.19000 8.3896345016e-001
64.20000 8.3911847648e-001
64.21000 8.3927747995e-001
64.22000 8.3944048599e-001
64.23000 8.3960736463e-001
64.24000 8.3977783655e-001
64.25000 8.3995148426e-001
64.26000 8.4012776790e-001
64.27000 8.4030604516e-001
64.28000 8.4048559458e-001
64.29000 8.4066564137e-001
64.30000 8.4084538496e-001
64.31000 8.4102402716e-001
64.32000 8.4120080007e-001
64.33000 8.4137499282e-001
64.34000 8.4154597602e-001
64.35000 8.4171322343e-001
64.36000 8.4187632977e-001
64.37000 8.4203502436e-001
64.38000 8.4218917996e-001
64.39000 8.4233881675e-001
64.40000 8.4248410106e-001
64.41000 8.4262533925e-001
64.42000 8.4276296680e-001
64.43000 8.4289753298e-001
64.44000 8.4302968187e-001
64.45000 8.4316013022e-001
64.46000 8.4328964293e-001
64.47000 8.4341900722e-001
64.48000 8.4354900601e-001
64.49000 8.4368039183e-001
64.50000 8.4381386175e-001
64.51000 8.4395003443e-001
64.52000 8.4408942994e-001
64.53000 8.4423245297e-001
64.54000 8.4437938001e-001
64.55000 8.4453035095e-001
64.56000 8.4468536513e-001
64.57000 8.4484428227e-001
64.58000 8.4500682788e-001
64.59000 8.4517260313e-001
64.60000 8.4534109888e-001
64.61000 8.4551171310e-001
64.62000 8.4568377146e-001
64.63000 8.4585655002e-001
64.64000 8.4602929955e-001
64.65000 8.4620127054e-001
64.66000 8.4637173800e-001
64.67000 8.4654002541e-001
64.68000 8.4670552684e-001
64.69000 8.4686772672e-001
64.70000 8.4702621643e-001
64.71000 8.4718070730e-001
64.72000 8.4733103956e-001
64.73000 8.4747718703e-001
64.74000 8.4761925736e-001
64.75000 8.4775748783e-001
64.76000 8.4789223701e-001
64.77000 8.4802397238e-001
64.78000 8.4815325455e-001
64.79000 8.4828071846e-001
64.80000 8.4840705235e-001
64.81000 8.4853297502e-001
64.82000 8.4865921232e-001
64.83000 8.4878647356e-001
64.84000 8.4891542850e-001
64.85000 8.4904668593e-001
64.86000 8.4918077419e-001
64.87000 8.4931812452e-001
64.88000 8.4945905757e-001
64.89000 8.4960377360e-001
64.90000 8.4975234658e-001
64.91000 8.4990472237e-001
64.92000 8.5006072105e-001
64.93000 8.5022004322e-001
64.94000 8.5038228017e-001
64.95000 8.5054692738e-001
64.96000 8.5071340116e-001
64.97000 8.5088105757e-001
64.98000 8.5104921332e-001
64.99000 8.5121716771e-001
65.00000 8.5138422512e-001
65.01000 8.5154971710e-001
65.02000 8.5171302363e-001
65.03000 8.5187359259e-001
65.04000 8.5203095712e-001
65.05000 8.5218474999e-001
65.06000 8.5233471491e-001
65.07000 8.5248071414e-001
65.08000 8.5262273230e-001
65.09000 8.5276087634e-001
65.10000 8.5289537151e-001
65.11000 8.5302655374e-001
65.12000 8.5315485845e-001
65.13000 8.5328080630e-001
65.14000 8.5340498639e-001
65.15000 8.5352803731e-001
65.16000 8.5365062680e-001
65.17000 8.5377343060e-001
65.18000 8.5389711116e-001
65.19000 8.5402229692e-001
65.20000 8.5414956272e-001
65.21000 8.5427941208e-001
65.22000 8.5441226173e-001
65.23000 8.5454842898e-001
65.24000 8.5468812225e-001
65.25000 8.5483143502e-001
65.26000 8.5497834338e-001
65.27000 8.5512870728e-001
65.28000 8.5528227534e-001
65.29000 8.5543869307e-001
65.30000 8.5559751430e-001
65.31000 8.5575821530e-001
65.32000 8.5592021137e-001
65.33000 8.5608287509e-001
65.34000 8.5624555593e-001
65.35000 8.5640760039e-001
65.36000 8.5656837219e-001
65.37000 8.5672727187e-001
65.38000 8.5688375507e-001
65.39000 8.5703734911e-001
65.40000 8.5718766726e-001
65.41000 8.5733442025e-001
65.42000 8.5747742482e-001
65.43000 8.5761660883e-001
65.44000 8.5775201307e-001
65.45000 8.5788378945e-001
65.46000 8.5801219592e-001
65.47000 8.5813758804e-001
65.48000 8.5826040768e-001
65.49000 8.5838116912e-001
65.50000 8.5850044302e-001
65.51000 8.5861883870e-001
65.52000 8.5873698541e-001
65.53000 8.5885551307e-001
65.54000 8.5897503309e-001
65.55000 8.5909611984e-001
65.56000 8.5921929341e-001
65.57000 8.5934500400e-001
65.58000 8.5947361863e-001
65.59000 8.5960541034e-001
65.60000 8.5974055034e-001
65.61000 8.5987910320e-001
65.62000 8.6002102539e-001
65.63000 8.6016616693e-001
65.64000 8.6031427640e-001
65.65000 8.6046500880e-001
65.66000 8.6061793636e-001
65.67000 8.6077256163e-001
65.68000 8.6092833271e-001
65.69000 8.6108465999e-001
65.70000 8.6124093400e-001
65.71000 8.6139654370e-001
65.72000 8.6155089482e-001
65.73000 8.6170342759e-001
65.74000 8.6185363335e-001
65.75000 8.6200106956e-001
65.76000 8.6214537280e-001
65.77000 8.6228626931e-001
65.78000 8.6242358278e-001
65.79000 8.6255723930e-001
65.80000 8.6268726907e-001
65.81000 8.6281380518e-001
65.82000 8.6293707911e-001
65.83000 8.6305741356e-001
65.84000 8.6317521241e-001
65.85000 8.6329094840e-001
65.86000 8.6340514883e-001
65.87000 8.6351837971e-001
65.88000 8.6363122884e-001
65.89000 8.6374428831e-001
65.90000 8.6385813701e-001
65.91000 8.6397332360e-001
65.92000 8.6409035045e-001
65.93000 8.6420965903e-001
65.94000 8.6433161717e-001
65.95000 8.6445650856e-001
65.96000 8.6458452471e-001
65.97000 8.6471575972e-001
65.98000 8.6485020787e-001
65.99000 8.6498776421e-001
66.00000 8.6512822794e-001
66.01000 8.6527130868e-001
66.02000 8.6541663525e-001
66.03000 8.6556376684e-001
66.04000 8.6571220608e-001
66.05000 8.6586141378e-001
66.06000 8.6601082477e-001
66.07000 8.6615986451e-001
66.08000 8.6630796579e-001
66.09000 8.6645458527e-001
66.10000 8.6659921919e-001
66.11000 8.6674141788e-001
66.12000 8.6688079863e-001
66.13000 8.6701705658e-001
66.14000 8.6714997330e-001
66.15000 8.6727942277e-001
66.16000 8.6740537475e-001
66.17000 8.6752789527e-001
66.18000 8.6764714434e-001
66.19000 8.6776337098e-001
66.20000 8.6787690570e-001
66.21000 8.6798815058e-001
66.22000 8.6809756746e-001
66.23000 8.6820566434e-001
66.24000 8.6831298056e-001
66.25000 8.6842007121e-001
66.26000 8.6852749108e-001
66.27000 8.6863577871e-001
66.28000 8.6874544106e-001
66.29000 8.6885693905e-001
66.30000 8.6897067457e-001
66.31000 8.6908697922e-001
66.32000 8.6920610509e-001
66.33000 8.6932821786e-001
66.34000 8.6945339241e-001
66.35000 8.6958161100e-001
66.36000 8.6971276413e-001
66.37000 8.6984665401e-001
66.38000 8.6998300045e-001
66.39000 8.7012144916e-001
66.40000 8.7026158204e-001
66.41000 8.7040292934e-001
66.42000 8.7054498310e-001
66.43000 8.7068721175e-001
66.44000 8.7082907522e-001
66.45000 8.7097004035e-001
66.46000 8.7110959591e-001
66.47000 8.7124726706e-001
66.48000 8.7138262863e-001
66.49000 8.7151531702e-001
66.50000 8.7164504028e-001
66.51000 8.7177158607e-001
66.52000 8.7189482746e-001
66.53000 8.7201472615e-001
66.54000 8.7213133325e-001
66.55000 8.7224478757e-001
66.56000 8.7235531135e-001
66.57000 8.7246320369e-001
66.58000 8.7256883191e-001
66.59000 8.7267262093e-001
66.60000 8.7277504115e-001
66.61000 8.7287659508e-001
66.62000 8.7297780315e-001
66.63000 8.7307918906e-001
66.64000 8.7318126513e-001
66.65000 8.7328451803e-001
66.66000 8.7338939531e-001
66.67000 8.7349629304e-001
66.68000 8.7360554497e-001
66.69000 8.7371741350e-001
66.70000 8.7383208260e-001
66.71000 8.7394965300e-001
66.72000 8.7407013973e-001
66.73000 8.7419347193e-001
66.74000 8.7431949518e-001
66.75000 8.7444797605e-001
66.76000 8.7457860886e-001
66.77000 8.7471102434e-001
66.78000 8.7484480013e-001
66.79000 8.7497947260e-001
66.80000 8.7511454984e-001
66.81000 8.7524952534e-001
66.82000 8.7538389203e-001
66.83000 8.7551715632e-001
66.84000 8.7564885167e-001
66.85000 8.7577855139e-001
66.86000 8.7590588028e-001
66.87000 8.7603052482e-001
66.88000 8.7615224161e-001
66.89000 8.7627086385e-001
66.90000 8.7638630566e-001
66.91000 8.7649856421e-001
66.92000 8.7660771950e-001
66.93000 8.7671393186e-001
66.94000 8.7681743732e-001
66.95000 8.7691854082e-001
66.96000 8.7701760767e-001
66.97000 8.7711505329e-001
66.98000 8.7721133168e-001
66.99000 8.7730692288e-001
67.00000 8.7740231976e-001
67.01000 8.7749801455e-001
67.02000 8.7759448539e-001
67.03000 8.7769218340e-001
67.04000 8.7779152048e-001
67.05000 8.7789285825e-001
67.06000 8.7799649845e-001
67.07000 8.7810267491e-001
67.08000 8.7821154748e-001
67.09000 8.7832319798e-001
67.10000 8.7843762819e-001
67.11000 8.7855476014e-001
67.12000 8.7867443847e-001
67.13000 8.7879643488e-001
67.14000 8.7892045455e-001
67.15000 8.7904614433e-001
67.16000 8.7917310246e-001
67.17000 8.7930088960e-001
67.18000 8.7942904075e-001
67.19000 8.7955707791e-001
67.20000 8.7968452304e-001
67.21000 8.7981091088e-001
67.22000 8.7993580152e-001
67.23000 8.8005879211e-001
67.24000 8.8017952765e-001
67.25000 8.8029771033e-001
67.26000 8.8041310744e-001
67.27000 8.8052555735e-001
67.28000 8.8063497368e-001
67.29000 8.8074134734e-001
67.30000 8.8084474657e-001
67.31000 8.8094531483e-001
67.32000 8.8104326670e-001
67.33000 8.8113888193e-001
67.34000 8.8123249773e-001
67.35000 8.8132449954e-001
67.36000 8.8141531063e-001
67.37000 8.8150538061e-001
67.38000 8.8159517342e-001
67.39000 8.8168515488e-001
67.40000 8.8177578031e-001
67.41000 8.8186748247e-001
67.42000 8.8196066015e-001
67.43000 8.8205566768e-001
67.44000 8.8215280569e-001
67.45000 8.8225231338e-001
67.46000 8.8235436235e-001
67.47000 8.8245905229e-001
67.48000 8.8256640860e-001
67.49000 8.8267638199e-001
67.50000 8.8278884998e-001
67.51000 8.8290362042e-001
67.52000 8.8302043675e-001
67.53000 8.8313898502e-001
67.54000 8.8325890229e-001
67.55000 8.8337978641e-001
67.56000 8.8350120670e-001
67.57000 8.8362271543e-001
67.58000 8.8374385960e-001
67.59000 8.8386419295e-001
67.60000 8.8398328764e-001
67.61000 8.8410074548e-001
67.62000 8.8421620830e-001
67.63000 8.8432936726e-001
67.64000 8.8443997079e-001
67.65000 8.8454783105e-001
67.66000 8.8465282868e-001
67.67000 8.8475491568e-001
67.68000 8.8485411649e-001
67.69000 8.8495052710e-001
67.70000 8.8504431232e-001
67.71000 8.8513570126e-001
67.72000 8.8522498113e-001
67.73000 8.8531248954e-001
67.74000 8.8539860553e-001
67.75000 8.8548373959e-001
67.76000 8.8556832279e-001
67.77000 8.8565279556e-001
67.78000 8.8573759617e-001
67.79000 8.8582314937e-001
67.80000 8.8590985538e-001
67.81000 8.8599807964e-001
67.82000 8.8608814341e-001
67.83000 8.8618031562e-001
67.84000 8.8627480606e-001
67.85000 8.8637176020e-001
67.86000 8.8647125560e-001
67.87000 8.8657330013e-001
67.88000 8.8667783202e-001
67.89000 8.8678472164e-001
67.90000 8.8689377510e-001
67.91000 8.8700473942e-001
67.92000 8.8711730924e-001
67.93000 8.8723113488e-001
67.94000 8.8734583144e-001
67.95000 8.8746098884e-001
67.96000 8.8757618246e-001
67.97000 8.8769098411e-001
67.98000 8.8780497305e-001
67.99000 8.8791774679e-001
68.00000 8.8802893143e-001
68.01000 8.8813819111e-001
68.02000 8.8824523661e-001
68.03000 8.8834983259e-001
68.04000 8.8845180349e-001
68.05000 8.8855103788e-001
68.06000 8.8864749111e-001
68.07000 8.8874118623e-001
68.08000 8.8883221325e-001
68.09000 8.8892072661e-001
68.10000 8.8900694101e-001
68.11000 8.8909112577e-001
68.12000 8.8917359778e-001
68.13000 8.8925471326e-001
68.14000 8.8933485853e-001
68.15000 8.8941444014e-001
68.16000 8.8949387439e-001
68.17000 8.8957357676e-001
68.18000 8.8965395132e-001
68.19000 8.8973538056e-001
68.20000 8.8981821573e-001
68.21000 8.8990276802e-001
68.22000 8.8998930084e-001
68.23000 8.9007802331e-001
68.24000 8.9016908512e-001
68.25000 8.9026257296e-001
68.26000 8.9035850851e-001
68.27000 8.9045684812e-001
68.28000 8.9055748408e-001
68.29000 8.9066024759e-001
68.30000 8.9076491315e-001
68.31000 8.9087120444e-001
68.32000 8.9097880145e-001
68.33000 8.9108734865e-001
68.34000 8.9119646405e-001
68.35000 8.9130574894e-001
68.36000 8.9141479791e-001
68.37000 8.9152320912e-001
68.38000 8.9163059440e-001
68.39000 8.9173658895e-001
68.40000 8.9184086048e-001
68.41000 8.9194311745e-001
68.42000 8.9204311627e-001
68.43000 8.9214066734e-001
68.44000 8.9223563957e-001
68.45000 8.9232796359e-001
68.46000 8.9241763326e-001
68.47000 8.9250470563e-001
68.48000 8.9258929937e-001
68.49000 8.9267159161e-001
68.50000 8.9275181330e-001
68.51000 8.9283024331e-001
68.52000 8.9290720133e-001
68.53000 8.9298303974e-001
68.54000 8.9305813473e-001
68.55000 8.9313287690e-001
68.56000 8.9320766143e-001
68.57000 8.9328287828e-001
68.58000 8.9335890252e-001
68.59000 8.9343608502e-001
68.60000 8.9351474390e-001
68.61000 8.9359515665e-001
68.62000 8.9367755348e-001
68.63000 8.9376211169e-001
68.64000 8.9384895149e-001
68.65000 8.9393813320e-001
68.66000 8.9402965593e-001
68.67000 8.9412345780e-001
68.68000 8.9421941764e-001
68.69000 8.9431735817e-001
68.70000 8.9441705054e-001
68.71000 8.9451822013e-001
68.72000 8.9462055345e-001
68.73000 8.9472370598e-001
68.74000 8.9482731075e-001
68.75000 8.9493098747e-001
68.76000 8.9503435192e-001
68.77000 8.9513702540e-001
68.78000 8.9523864409e-001
68.79000 8.9533886796e-001
68.80000 8.9543738904e-001
68.81000 8.9553393892e-001
68.82000 8.9562829526e-001
68.83000 8.9572028712e-001
68.84000 8.9580979903e-001
68.85000 8.9589677363e-001
68.86000 8.9598121298e-001
68.87000 8.9606317828e-001
68.88000 8.9614278825e-001
68.89000 8.9622021602e-001
68.90000 8.9629568476e-001
68.91000 8.9636946208e-001
68.92000 8.9644185332e-001
68.93000 8.9651319402e-001
68.94000 8.9658384165e-001
68.95000 8.9665416677e-001
68.96000 8.9672454402e-001
68.97000 8.9679534296e-001
68.98000 8.9686691910e-001
68.99000 8.9693960532e-001
69.00000 8.9701370381e-001
69.01000 8.9708947887e-001
69.02000 8.9716715060e-001
69.03000 8.9724688968e-001
69.04000 8.9732881342e-001
69.05000 8.9741298306e-001
69.06000 8.9749940245e-001
69.07000 8.9758801814e-001
69.08000 8.9767872082e-001
69.09000 8.9777134816e-001
69.10000 8.9786568885e-001
69.11000 8.9796148789e-001
69.12000 8.9805845280e-001
69.13000 8.9815626088e-001
69.14000 8.9825456700e-001
69.15000 8.9835301206e-001
69.16000 8.9845123164e-001
69.17000 8.9854886485e-001
69.18000 8.9864556298e-001
69.19000 8.9874099794e-001
69.20000 8.9883487004e-001
69.21000 8.9892691519e-001
69.22000 8.9901691113e-001
69.23000 8.9910468271e-001
69.24000 8.9919010594e-001
69.25000 8.9927311086e-001
69.26000 8.9935368307e-001
69.27000 8.9943186390e-001
69.28000 8.9950774931e-001
69.29000 8.9958148740e-001
69.30000 8.9965327472e-001
69.31000 8.9972335143e-001
69.32000 8.9979199543e-001
69.33000 8.9985951557e-001
69.34000 8.9992624421e-001
69.35000 8.9999252920e-001
69.36000 9.0005872552e-001
69.37000 9.0012518680e-001
69.38000 9.0019225689e-001
69.39000 9.0026026170e-001
69.40000 9.0032950151e-001
69.41000 9.0040024385e-001
69.42000 9.0047271733e-001
69.43000 9.0054710622e-001
69.44000 9.0062354628e-001
69.45000 9.0070212165e-001
69.46000 9.0078286301e-001
69.47000 9.0086574702e-001
69.48000 9.0095069699e-001
69.49000 9.0103758491e-001
69.50000 9.0112623456e-001
69.51000 9.0121642586e-001
69.52000 9.0130790020e-001
69.53000 9.0140036666e-001
69.54000 9.0149350894e-001
69.55000 9.0158699300e-001
69.56000 9.0168047491e-001
69.57000 9.0177360908e-001
69.58000 9.0186605639e-001
69.59000 9.0195749221e-001
69.60000 9.0204761402e-001
69.61000 9.0213614850e-001
69.62000 9.0222285793e-001
69.63000 9.0230754565e-001
69.64000 9.0239006067e-001
69.65000 9.0247030105e-001
69.66000 9.0254821618e-001
69.67000 9.0262380787e-001
69.68000 9.0269713015e-001
69.69000 9.0276828785e-001
69.70000 9.0283743399e-001
69.71000 9.0290476610e-001
69.72000 9.0297052138e-001
69.73000 9.0303497110e-001
69.74000 9.0309841411e-001
69.75000 9.0316116974e-001
69.76000 9.0322357030e-001
69.77000 9.0328595325e-001
69.78000 9.0334865329e-001
69.79000 9.0341199458e-001
69.80000 9.0347628316e-001
69.81000 9.0354179988e-001
69.82000 9.0360879394e-001
69.83000 9.0367747715e-001
69.84000 9.0374801912e-001
69.85000 9.0382054342e-001
69.86000 9.0389512488e-001
69.87000 9.0397178792e-001
69.88000 9.0405050617e-001
69.89000 9.0413120323e-001
69.90000 9.0421375455e-001
69.91000 9.0429799048e-001
69.92000 9.0438370032e-001
69.93000 9.0447063733e-001
69.94000 9.0455852454e-001
69.95000 9.0464706126e-001
69.96000 9.0473593011e-001
69.97000 9.0482480443e-001
69.98000 9.0491335587e-001
69.99000 9.0500126199e-001
